13-3 4 7.8 349.0
13-3 4 7.0 311.0
13-3 4 7.8 337.0
13-3 4 7.0 347.0
13-3 4 8.7 359.0
13-3 4 7.8 359.0
13-3 4 6.1 320.0
13-3 4 2.6 331.0
13-3 4 7.0 316.0
13-3 4 6.1 318.0
13-3 4 6.1 314.0
13-3 4 5.2 359.0
13-3 4 3.5 354.0
13-3 4 7.0 359.0
13-3 4 7.0 301.0
13-3 4 7.0 359.0
13-3 4 6.1 359.0
13-3 4 4.3 297.0
13-3 4 7.8 305.0
13-3 4 4.3 354.0
13-3 4 6.1 309.0
13-3 4 6.1 359.0
13-3 4 4.3 305.0
13-3 4 5.2 359.0
13-3 4 3.5 359.0
13-3 4 4.3 298.0
13-3 4 4.3 326.0
13-3 4 3.5 359.0
13-3 5 2.6 347.0
13-3 5 1.7 337.0
13-3 5 1.7 350.0
13-3 5 0.0 8.0
13-3 5 0.0 8.0
13-3 5 0.0 8.0
13-3 5 0.0 8.0
13-3 5 0.0 8.0
13-3 5 0.0 8.0
13-3 5 0.0 8.0
13-3 5 1.7 324.0
13-3 5 1.7 359.0
13-3 5 2.6 337.0
13-3 5 2.6 341.0
13-3 5 0.9 359.0
13-3 5 0.9 12.0
13-3 5 0.9 11.0
13-3 5 0.0 11.0
13-3 5 0.0 12.0
13-3 5 1.7 11.0
13-3 5 1.7 11.0
13-3 5 0.9 11.0
13-3 5 0.9 11.0
13-3 5 0.9 10.0
13-3 5 0.9 10.0
13-3 5 0.9 11.0
13-3 5 0.0 57.0
13-3 5 1.7 54.0
13-3 5 0.0 54.0
13-3 5 0.0 56.0
13-3 6 0.0 54.0
13-3 6 0.9 55.0
13-3 6 0.9 57.0
13-3 6 2.6 55.0
13-3 6 0.9 51.0
13-3 6 0.0 64.0
13-3 6 1.7 56.0
13-3 6 0.0 66.0
13-3 6 0.9 63.0
13-3 6 0.9 74.0
13-3 6 2.6 77.0
13-3 6 0.9 66.0
13-3 6 1.7 79.0
13-3 6 2.6 67.0
13-3 6 1.7 67.0
13-3 6 4.3 81.0
13-3 6 1.7 71.0
13-3 6 1.7 73.0
13-3 6 4.3 88.0
13-3 6 4.3 81.0
13-3 6 2.6 84.0
13-3 6 2.6 93.0
13-3 6 2.6 109.0
13-3 6 0.9 107.0
13-3 6 1.7 359.0
13-3 6 1.7 95.0
13-3 6 0.0 94.0
13-3 6 0.9 359.0
13-3 6 1.7 86.0
13-3 6 1.7 40.0
13-3 7 0.0 26.0
13-3 7 0.0 18.0
13-3 7 0.0 49.0
13-3 7 1.7 40.0
13-3 7 2.6 44.0
13-3 7 2.6 93.0
13-3 7 3.5 359.0
13-3 7 2.6 100.0
13-3 7 2.6 104.0
13-3 7 2.6 114.0
13-3 7 1.7 122.0
13-3 7 1.7 120.0
13-3 7 0.9 359.0
13-3 7 0.0 116.0
13-3 7 2.6 121.0
13-3 7 1.7 103.0
13-3 7 1.7 112.0
13-3 7 2.6 154.0
13-3 7 0.9 89.0
13-3 7 0.9 133.0
13-3 7 1.7 110.0
13-3 7 1.7 359.0
13-3 7 0.9 131.0
13-3 7 1.7 359.0
13-3 7 2.6 359.0
13-3 7 2.6 359.0
13-3 7 1.7 359.0
13-3 7 4.3 359.0
13-3 7 2.6 116.0
13-3 7 5.2 95.0
13-3 8 2.6 102.0
13-3 8 3.5 117.0
13-3 8 2.6 106.0
13-3 8 4.3 93.0
13-3 8 4.3 89.0
13-3 8 3.5 359.0
13-3 8 2.6 87.0
13-3 8 1.7 86.0
13-3 8 2.6 102.0
13-3 8 1.7 85.0
13-3 8 1.7 91.0
13-3 8 2.6 81.0
13-3 8 2.6 95.0
13-3 8 2.6 359.0
13-3 8 2.6 81.0
13-3 8 2.6 359.0
13-3 8 0.9 87.0
13-3 8 4.3 88.0
13-3 8 2.6 359.0
13-3 8 1.7 81.0
13-3 8 0.9 75.0
13-3 8 0.9 80.0
13-3 8 1.7 73.0
13-3 8 0.9 79.0
13-3 8 1.7 74.0
13-3 8 1.7 82.0
13-3 8 1.7 76.0
13-3 8 1.7 73.0
13-3 8 2.6 85.0
13-3 8 2.6 87.0
13-3 9 1.7 97.0
13-3 9 1.7 94.0
13-3 9 1.7 94.0
13-3 9 1.7 104.0
13-3 9 1.7 95.0
13-3 9 0.9 97.0
13-3 9 0.9 93.0
13-3 9 1.7 95.0
13-3 9 0.0 94.0
13-3 9 0.0 94.0
13-3 9 1.7 92.0
13-3 9 0.9 93.0
13-3 9 0.0 95.0
13-3 9 0.0 96.0
13-3 9 0.0 93.0
13-3 9 0.0 92.0
13-3 9 0.9 91.0
13-3 9 1.7 91.0
13-3 9 1.7 346.0
13-3 9 1.7 359.0
13-3 9 0.9 346.0
13-3 9 2.6 359.0
13-3 9 2.6 308.0
13-3 9 2.6 307.0
13-3 9 2.6 359.0
13-3 9 1.7 306.0
13-3 9 3.5 319.0
13-3 9 2.6 316.0
13-3 9 1.7 318.0
13-3 9 0.9 314.0
13-3 10 2.6 359.0
13-3 10 1.7 322.0
13-3 10 0.9 338.0
13-3 10 1.7 337.0
13-3 10 2.6 359.0
13-3 10 0.9 339.0
13-3 10 0.0 338.0
13-3 10 0.0 359.0
13-3 10 0.0 359.0
13-3 10 0.0 339.0
13-3 10 0.0 338.0
13-3 10 0.0 338.0
13-3 10 0.9 245.0
13-3 10 1.7 247.0
13-3 10 2.6 265.0
13-3 10 2.6 245.0
13-3 10 3.5 238.0
13-3 10 5.2 359.0
13-3 10 4.3 229.0
13-3 10 5.2 233.0
13-3 10 4.3 233.0
13-3 10 3.5 359.0
13-3 10 4.3 243.0
13-3 10 3.5 269.0
13-3 10 4.3 359.0
13-3 10 3.5 359.0
13-3 10 3.5 250.0
13-3 10 4.3 359.0
13-3 10 1.7 255.0
13-3 10 3.5 270.0
13-3 11 2.6 275.0
13-3 11 3.5 283.0
13-3 11 4.3 274.0
13-3 11 3.5 286.0
13-3 11 3.5 359.0
13-3 11 2.6 286.0
13-3 11 4.3 275.0
13-3 11 3.5 359.0
13-3 11 4.3 274.0
13-3 11 2.6 280.0
13-3 11 2.6 359.0
13-3 11 3.5 276.0
13-3 11 2.6 280.0
13-3 11 3.5 274.0
13-3 11 2.6 274.0
13-3 11 3.5 292.0
13-3 11 3.5 280.0
13-3 11 3.5 289.0
13-3 11 3.5 265.0
13-3 11 2.6 243.0
13-3 11 2.6 359.0
13-3 11 2.6 271.0
13-3 11 3.5 256.0
13-3 11 0.9 359.0
13-3 11 2.6 359.0
13-3 11 2.6 274.0
13-3 11 3.5 277.0
13-3 11 2.6 283.0
13-3 11 1.7 359.0
13-3 11 0.9 359.0
13-3 12 1.7 359.0
13-3 12 2.6 359.0
13-3 12 2.6 359.0
13-3 12 0.9 359.0
13-3 12 2.6 359.0
13-3 12 1.7 276.0
13-3 12 1.7 283.0
13-3 12 3.5 275.0
13-3 12 2.6 286.0
13-3 12 4.3 359.0
13-3 12 4.3 278.0
13-3 12 3.5 280.0
13-3 12 3.5 359.0
13-3 12 3.5 359.0
13-3 12 5.2 269.0
13-3 12 4.3 274.0
13-3 12 3.5 269.0
13-3 12 5.2 359.0
13-3 12 3.5 359.0
13-3 12 6.1 239.0
13-3 12 5.2 233.0
13-3 12 5.2 270.0
13-3 12 4.3 271.0
13-3 12 6.1 274.0
13-3 12 1.7 255.0
13-3 12 3.5 359.0
13-3 12 5.2 359.0
13-3 12 6.1 272.0
13-3 12 4.3 359.0
13-3 12 7.0 359.0
13-3 13 7.0 359.0
13-3 13 8.7 359.0
13-3 13 7.8 359.0
13-3 13 5.2 245.0
13-3 13 5.2 266.0
13-3 13 4.3 264.0
13-3 13 5.2 359.0
13-3 13 5.2 289.0
13-3 13 10.4 359.0
13-3 13 5.2 266.0
13-3 13 4.3 273.0
13-3 13 7.8 359.0
13-3 13 7.0 181.0
13-3 13 10.4 359.0
13-3 13 10.4 359.0
13-3 13 6.1 263.0
13-3 13 7.0 359.0
13-3 13 6.1 256.0
13-3 13 7.8 359.0
13-3 13 10.4 270.0
13-3 13 7.0 359.0
13-3 13 7.8 254.0
13-3 13 6.1 251.0
13-3 13 7.0 263.0
13-3 13 7.0 359.0
13-3 13 9.6 228.0
13-3 13 7.8 258.0
13-3 13 8.7 233.0
13-3 13 7.8 260.0
13-3 13 7.8 359.0
13-3 14 8.7 236.0
13-3 14 10.4 245.0
13-3 14 7.8 224.0
13-3 14 9.6 359.0
13-3 14 10.4 246.0
13-3 14 7.0 359.0
13-3 14 8.7 241.0
13-3 14 7.0 241.0
13-3 14 7.0 359.0
13-3 14 7.0 230.0
13-3 14 7.0 245.0
13-3 14 7.8 359.0
13-3 14 7.8 359.0
13-3 14 8.7 238.0
13-3 14 7.0 258.0
13-3 14 7.8 359.0
13-3 14 7.8 359.0
13-3 14 7.0 252.0
13-3 14 7.0 251.0
13-3 14 3.5 267.0
13-3 14 7.0 359.0
13-3 14 7.8 256.0
13-3 14 6.1 242.0
13-3 14 6.1 245.0
13-3 14 7.0 252.0
13-3 14 7.0 239.0
13-3 14 6.1 359.0
13-3 14 7.0 359.0
13-3 14 8.7 242.0
13-3 14 7.0 256.0
13-3 15 5.2 359.0
13-3 15 6.1 239.0
13-3 15 7.0 235.0
13-3 15 4.3 250.0
13-3 15 4.3 245.0
13-3 15 7.8 359.0
13-3 15 7.0 359.0
13-3 15 4.3 245.0
13-3 15 2.6 239.0
13-3 15 6.1 240.0
13-3 15 4.3 222.0
13-3 15 4.3 359.0
13-3 15 0.9 359.0
13-3 15 4.3 244.0
13-3 15 3.5 226.0
13-3 15 3.5 241.0
13-3 15 4.3 359.0
13-3 15 5.2 240.0
13-3 15 3.5 359.0
13-3 15 4.3 243.0
13-3 15 5.2 256.0
13-3 15 3.5 245.0
13-3 15 4.3 227.0
13-3 15 3.5 241.0
13-3 15 3.5 226.0
13-3 15 5.2 247.0
13-3 15 3.5 241.0
13-3 15 2.6 236.0
13-3 15 3.5 250.0
13-3 15 4.3 247.0
13-3 16 2.6 260.0
13-3 16 4.3 245.0
13-3 16 4.3 233.0
13-3 16 3.5 241.0
13-3 16 1.7 255.0
13-3 16 2.6 252.0
13-3 16 2.6 243.0
13-3 16 3.5 242.0
13-3 16 3.5 239.0
13-3 16 4.3 250.0
13-3 16 4.3 241.0
13-3 16 3.5 249.0
13-3 16 4.3 230.0
13-3 16 3.5 221.0
13-3 16 3.5 230.0
13-3 16 4.3 247.0
13-3 16 5.2 256.0
13-3 16 1.7 265.0
13-3 16 2.6 262.0
13-3 16 2.6 248.0
13-3 16 2.6 227.0
13-3 16 2.6 241.0
13-3 16 4.3 246.0
13-3 16 3.5 231.0
13-3 16 2.6 241.0
13-3 16 3.5 254.0
13-3 16 3.5 252.0
13-3 16 1.7 237.0
13-3 16 2.6 255.0
13-3 16 2.6 239.0
13-3 17 1.7 245.0
13-3 17 0.9 256.0
13-3 17 1.7 257.0
13-3 17 1.7 256.0
13-3 17 0.9 256.0
13-3 17 0.9 163.0
13-3 17 3.5 165.0
13-3 17 2.6 162.0
13-3 17 1.7 174.0
13-3 17 2.6 169.0
13-3 17 0.9 168.0
13-3 17 1.7 147.0
13-3 17 1.7 156.0
13-3 17 2.6 158.0
13-3 17 1.7 174.0
13-3 17 2.6 170.0
13-3 17 3.5 172.0
13-3 17 3.5 160.0
13-3 17 3.5 183.0
13-3 17 1.7 176.0
13-3 17 0.9 178.0
13-3 17 2.6 174.0
13-3 17 1.7 149.0
13-3 17 1.7 183.0
13-3 17 1.7 166.0
13-3 17 2.6 163.0
13-3 17 1.7 154.0
13-3 17 4.3 164.0
13-3 17 3.5 154.0
13-3 17 2.6 158.0
13-3 18 2.6 160.0
13-3 18 2.6 183.0
13-3 18 1.7 178.0
13-3 18 1.7 179.0
13-3 18 1.7 172.0
13-3 18 0.0 172.0
13-3 18 0.0 172.0
13-3 18 0.9 347.0
13-3 18 4.3 359.0
13-3 18 2.6 13.0
13-3 18 3.5 12.0
13-3 18 4.3 4.0
13-3 18 5.2 359.0
13-3 18 6.1 311.0
13-3 18 10.4 359.0
13-3 18 11.3 359.0
13-3 18 8.7 9.0
13-3 18 8.7 9.0
13-3 18 7.8 23.0
13-3 18 4.3 8.0
13-3 18 7.0 25.0
13-3 18 5.2 22.0
13-3 18 4.3 29.0
13-3 18 5.2 29.0
13-3 18 3.5 52.0
13-3 18 4.3 45.0
13-3 18 6.1 68.0
13-3 18 4.3 46.0
13-3 18 0.9 359.0
13-3 18 1.7 74.0
13-3 19 0.0 359.0
13-3 19 0.0 359.0
13-3 19 0.0 137.0
13-3 19 0.0 359.0
13-3 19 0.0 137.0
13-3 19 0.9 139.0
13-3 19 0.9 359.0
13-3 19 0.9 359.0
13-3 19 0.0 131.0
13-3 19 0.9 134.0
13-3 19 0.0 134.0
13-3 19 0.0 359.0
13-3 19 0.0 153.0
13-3 19 0.0 137.0
13-3 19 0.0 138.0
13-3 19 1.7 133.0
13-3 19 2.6 85.0
13-3 19 0.0 89.0
13-3 19 0.9 69.0
13-3 19 0.9 62.0
13-3 19 0.9 62.0
13-3 19 1.7 66.0
13-3 19 0.9 67.0
13-3 19 3.5 359.0
13-3 19 4.3 83.0
13-3 19 3.5 359.0
13-3 19 2.6 108.0
13-3 19 3.5 114.0
13-3 19 1.7 121.0
13-3 19 0.9 151.0
13-3 20 3.5 109.0
13-3 20 2.6 108.0
13-3 20 2.6 100.0
13-3 20 0.0 359.0
13-3 20 0.0 359.0
13-3 20 0.0 107.0
13-3 20 0.9 122.0
13-3 20 0.0 110.0
13-3 20 0.0 105.0
13-3 20 0.0 359.0
13-3 20 0.0 359.0
13-3 20 0.0 111.0
13-3 20 0.0 359.0
13-3 20 0.0 359.0
13-3 20 0.0 108.0
13-3 20 0.0 105.0
13-3 20 0.0 108.0
13-3 20 0.0 119.0
13-3 20 0.9 359.0
13-3 20 0.9 359.0
13-3 20 0.0 359.0
13-3 20 0.9 359.0
13-3 20 0.9 359.0
13-3 20 1.7 107.0
13-3 20 0.0 124.0
13-3 20 0.0 104.0
13-3 20 0.0 106.0
13-3 20 1.7 122.0
13-3 20 0.0 359.0
13-3 20 1.7 359.0
13-3 21 0.9 108.0
13-3 21 1.7 102.0
13-3 21 2.6 105.0
13-3 21 2.6 102.0
13-3 21 3.5 105.0
13-3 21 1.7 122.0
13-3 21 0.0 125.0
13-3 21 0.9 120.0
13-3 21 0.0 119.0
13-3 21 0.0 119.0
13-3 21 0.0 359.0
13-3 21 0.9 117.0
13-3 21 1.7 121.0
13-3 21 0.0 116.0
13-3 21 0.0 120.0
13-3 21 0.9 120.0
13-3 21 0.9 119.0
13-3 21 1.7 121.0
13-3 21 0.0 114.0
13-3 21 0.0 120.0
13-3 21 0.0 115.0
13-3 21 0.0 112.0
13-3 21 0.0 359.0
13-3 21 0.0 122.0
13-3 21 0.0 359.0
13-3 21 0.0 136.0
13-3 21 0.0 116.0
13-3 21 0.0 122.0
13-3 21 0.0 122.0
13-3 21 0.0 137.0
13-3 22 0.0 359.0
13-3 22 0.9 118.0
13-3 22 0.0 114.0
13-3 22 0.0 359.0
13-3 22 0.0 359.0
13-3 22 0.9 119.0
13-3 22 0.9 120.0
13-3 22 1.7 113.0
13-3 22 0.9 359.0
13-3 22 0.9 359.0
13-3 22 0.9 359.0
13-3 22 1.7 359.0
13-3 22 1.7 359.0
13-3 22 1.7 92.0
13-3 22 1.7 94.0
13-3 22 0.0 359.0
13-3 22 1.7 94.0
13-3 22 1.7 359.0
13-3 22 1.7 116.0
13-3 22 0.0 117.0
13-3 22 2.6 116.0
13-3 22 2.6 114.0
13-3 22 1.7 359.0
13-3 22 1.7 114.0
13-3 22 2.6 106.0
13-3 22 0.0 115.0
13-3 22 1.7 108.0
13-3 22 2.6 114.0
13-3 22 0.9 111.0
13-3 22 0.0 116.0
13-3 23 0.0 359.0
13-3 23 1.7 118.0
13-3 23 2.6 118.0
13-3 23 2.6 99.0
13-3 23 2.6 359.0
13-3 23 2.6 104.0
13-3 23 3.5 102.0
13-3 23 4.3 359.0
13-3 23 5.2 99.0
13-3 23 2.6 87.0
13-3 23 3.5 77.0
13-3 23 3.5 74.0
13-3 23 2.6 75.0
13-3 23 3.5 77.0
13-3 23 4.3 77.0
13-3 23 0.9 359.0
13-3 23 0.9 48.0
13-3 23 5.2 83.0
13-3 23 4.3 79.0
13-3 23 5.2 85.0
13-3 23 5.2 93.0
13-3 23 6.1 66.0
13-3 23 5.2 359.0
13-3 23 4.3 88.0
13-3 23 4.3 89.0
13-3 23 4.3 100.0
13-3 23 3.5 359.0
13-3 23 3.5 104.0
13-3 23 1.7 126.0
13-3 23 1.7 359.0
