13-3 04 2.7 17.5
13-3 07 1.9 70.9
13-3 10 3.1 304.0
13-3 13 6.4 276.9
13-3 16 3.3 216.1
13-3 19 0.8 91.4
13-3 22 2.3 74.0
15-3 04 2.0 73.4
15-3 07 1.7 69.8
15-3 10 3.2 306.0
15-3 13 6.3 281.6
15-3 16 4.0 287.7
15-3 19 3.0 311.9
15-3 22 1.9 297.7
16-3 04 0.9 356.8
16-3 07 3.0 359.5
16-3 10 8.4 310.8
16-3 13 12.0 293.1
16-3 16 10.2 278.9
16-3 19 4.3 303.1
16-3 22 3.6 301.7
17-3 04 2.2 79.3
17-3 07 1.5 69.3
17-3 10 3.0 340.9
17-3 13 2.6 358.7
17-3 16 2.7 141.6
17-3 19 1.1 104.1
17-3 22 0.1 109.8
18-3 04 0.9 59.4
18-3 07 3.6 5.8
18-3 10 4.1 313.0
18-3 13 7.6 284.1
18-3 16 8.9 294.4
18-3 19 5.6 343.8
18-3 22 5.1 351.1
19-3 04 1.5 135.6
19-3 07 2.0 58.0
19-3 10 3.3 183.4
19-3 13 5.8 225.9
19-3 16 3.8 274.0
19-3 19 0.2 164.8
19-3 22 0.4 171.5
20-3 04 3.3 76.4
20-3 07 2.3 74.6
20-3 10 5.1 117.7
20-3 13 5.2 134.9
20-3 16 4.8 146.9
20-3 19 3.0 63.8
20-3 22 0.8 28.7
21-3 04 1.9 81.7
21-3 07 1.1 76.5
21-3 10 3.3 259.2
21-3 13 7.9 285.1
21-3 16 7.4 272.9
21-3 19 7.1 289.5
21-3 22 1.4 301.4
22-3 04 1.1 109.9
22-3 07 1.2 119.9
22-3 10 3.2 325.2
22-3 13 3.5 320.3
22-3 16 2.4 238.5
22-3 19 0.8 220.0
22-3 22 1.5 303.0
23-3 04 4.9 320.8
23-3 07 6.9 336.8
23-3 10 10.6 325.4
23-3 13 13.5 308.5
23-3 16 10.5 293.7
23-3 19 10.3 318.9
23-3 22 12.7 327.9
24-3 04 13.8 339.6
24-3 07 14.9 331.2
24-3 10 16.7 331.6
24-3 13 15.0 339.8
24-3 16 15.1 344.2
24-3 19 12.3 350.9
24-3 22 13.7 355.5
25-3 04 2.7 83.3
25-3 07 3.8 97.3
25-3 10 6.5 134.9
25-3 13 12.6 130.6
25-3 16 12.7 120.1
25-3 19 10.9 110.6
25-3 22 12.4 98.7
29-3 04 10.5 148.7
29-3 07 11.7 135.2
29-3 10 14.0 130.5
29-3 13 12.0 135.6
29-3 16 10.0 127.9
29-3 19 12.5 114.8
29-3 22 12.2 108.4
30-3 04 12.8 121.2
30-3 07 11.3 133.3
30-3 10 10.5 132.7
30-3 13 9.9 145.9
30-3 16 4.6 147.9
30-3 19 8.0 114.4
30-3 22 9.0 97.6
01-4 05 7.9 279.2
01-4 08 6.5 312.8
01-4 11 5.6 258.6
01-4 14 8.3 241.3
01-4 17 3.9 227.5
01-4 20 1.9 101.4
02-4 05 6.6 342.6
02-4 08 5.0 350.2
02-4 11 5.5 318.7
02-4 14 8.8 238.9
02-4 17 5.8 244.0
02-4 20 2.4 141.6
03-4 05 3.9 128.9
03-4 08 1.8 107.1
03-4 11 4.7 256.4
03-4 14 5.6 251.3
03-4 17 6.4 242.5
03-4 20 1.5 291.3
04-4 05 2.9 95.9
04-4 08 2.2 90.2
04-4 11 4.4 264.7
04-4 14 4.8 175.9
04-4 17 5.3 166.9
04-4 20 4.3 108.1
05-4 05 6.9 135.3
05-4 08 11.7 140.2
05-4 11 10.8 137.2
05-4 14 7.7 146.4
05-4 17 8.4 108.0
05-4 20 7.1 91.6
06-4 05 7.4 89.6
06-4 08 6.2 91.4
06-4 11 8.5 133.6
06-4 14 9.1 116.7
06-4 17 10.4 107.9
06-4 20 5.7 69.5
07-4 05 5.7 87.8
07-4 08 5.5 80.3
07-4 11 8.2 124.2
07-4 14 7.4 114.4
07-4 17 8.8 116.9
07-4 20 7.3 120.2
08-4 05 4.3 75.7
08-4 08 9.9 130.7
08-4 11 12.0 137.7
08-4 14 12.0 139.8
08-4 17 15.3 129.8
08-4 20 15.9 137.2
09-4 05 8.9 306.9
09-4 08 10.5 338.7
09-4 11 15.5 327.4
09-4 14 18.1 325.9
09-4 17 14.9 317.0
09-4 20 16.3 324.7
10-4 05 22.6 335.2
10-4 08 23.5 343.4
10-4 11 21.4 347.2
10-4 14 17.9 341.3
10-4 17 17.3 344.3
10-4 20 8.0 16.4
11-4 05 3.0 35.8
11-4 08 3.9 347.3
11-4 11 4.0 292.0
11-4 14 6.4 238.2
11-4 17 4.3 247.0
11-4 20 1.2 251.1
12-4 05 2.6 60.9
12-4 08 1.6 63.3
12-4 11 3.3 17.1
12-4 14 4.8 241.7
12-4 17 3.1 251.6
12-4 20 1.8 236.3
13-4 05 1.5 239.6
13-4 08 0.8 204.1
13-4 11 4.5 320.0
13-4 14 3.6 322.9
13-4 17 3.5 332.7
13-4 20 0.9 297.2
14-4 05 2.1 8.2
14-4 08 1.7 8.0
14-4 11 5.1 263.9
14-4 14 4.0 316.7
14-4 17 3.1 279.0
14-4 20 1.1 238.2
15-4 05 2.8 135.1
15-4 08 2.0 125.5
15-4 11 4.8 205.8
15-4 14 4.9 232.3
15-4 17 15.0 295.3
15-4 20 17.5 298.1
18-4 05 13.8 345.2
18-4 08 18.6 340.9
18-4 11 20.3 334.4
18-4 14 23.8 342.4
18-4 17 21.7 338.9
18-4 20 14.0 1.8
19-4 05 4.1 30.0
19-4 08 4.1 3.3
19-4 11 9.4 325.7
19-4 14 13.6 320.1
19-4 17 11.6 309.0
19-4 20 7.7 297.9
20-4 05 15.8 344.6
20-4 08 17.1 350.2
20-4 11 21.6 345.3
20-4 14 20.5 343.4
20-4 17 20.7 352.7
20-4 20 12.1 358.5
21-4 05 2.1 45.6
21-4 08 2.6 358.1
21-4 11 7.4 335.2
21-4 14 13.2 337.2
21-4 17 21.3 347.6
21-4 20 21.7 344.7
22-4 05 9.7 11.1
22-4 08 15.7 357.6
22-4 11 17.7 343.6
22-4 14 21.3 344.5
22-4 17 20.1 341.6
22-4 20 19.3 349.1
23-4 05 14.7 344.9
23-4 08 13.9 346.9
23-4 11 12.1 336.4
23-4 14 15.0 331.5
23-4 17 17.4 341.0
23-4 20 18.0 344.1
24-4 05 17.4 347.9
24-4 08 20.1 344.9
24-4 11 21.4 346.2
24-4 14 19.6 338.0
24-4 17 18.8 343.8
24-4 20 18.3 345.0
25-4 05 15.7 348.5
25-4 08 13.0 348.3
25-4 11 12.0 317.0
25-4 14 13.4 300.2
25-4 17 8.7 286.4
25-4 20 2.8 301.5
26-4 05 3.8 61.9
26-4 08 5.2 85.0
26-4 11 8.1 113.2
26-4 14 8.7 131.7
26-4 17 7.7 127.2
26-4 20 8.7 104.9
27-4 05 10.5 109.6
27-4 08 13.4 115.3
27-4 11 13.0 133.2
27-4 14 12.9 127.9
27-4 17 12.2 119.0
27-4 20 14.6 110.0
28-4 05 8.3 126.1
28-4 08 5.3 1.8
28-4 11 6.5 125.9
28-4 14 7.1 128.4
28-4 17 2.7 121.3
28-4 20 4.0 56.7
29-4 05 5.8 122.0
29-4 08 4.9 114.9
29-4 11 8.0 138.3
29-4 14 9.9 144.3
29-4 17 6.7 146.5
29-4 20 3.0 296.9
30-4 05 6.3 136.3
30-4 08 7.0 141.7
30-4 11 9.7 136.8
30-4 14 6.8 153.2
30-4 17 3.1 344.0
30-4 20 0.6 344.0
