339.0 17.5
347.0 70.9
341.0 304.0
285.0 276.9
167.0 216.1
139.0 91.4
137.0 74.0
109.0 73.4
44.0 69.8
293.0 306.0
288.0 281.6
263.0 287.7
271.0 311.9
299.0 297.7
312.0 356.8
316.0 359.5
303.0 310.8
315.0 293.1
315.0 278.9
314.0 303.1
325.0 301.7
159.0 79.3
96.0 69.3
84.0 340.9
168.0 358.7
165.0 141.6
141.0 104.1
120.0 109.8
192.0 59.4
325.0 5.8
305.0 313.0
302.0 284.1
318.0 294.4
325.0 343.8
332.0 351.1
86.0 135.6
100.0 58.0
161.0 183.4
198.0 225.9
176.0 274.0
148.0 164.8
124.0 171.5
125.0 76.4
103.0 74.6
120.0 117.7
148.0 134.9
148.0 146.9
144.0 63.8
132.0 28.7
29.0 81.7
329.0 76.5
308.0 259.2
289.0 285.1
268.0 272.9
287.0 289.5
309.0 301.4
106.0 109.9
143.0 119.9
311.0 325.2
240.0 320.3
233.0 238.5
196.0 220.0
265.0 303.0
303.0 320.8
321.0 336.8
308.0 325.4
329.0 308.5
332.0 293.7
320.0 318.9
313.0 327.9
327.0 339.6
321.0 331.2
318.0 331.6
326.0 339.8
333.0 344.2
328.0 350.9
328.0 355.5
332.0 83.3
58.0 97.3
126.0 134.9
120.0 130.6
121.0 120.1
100.0 110.6
92.0 98.7
133.0 148.7
127.0 135.2
116.0 130.5
120.0 135.6
109.0 127.9
108.0 114.8
99.0 108.4
101.0 121.2
121.0 133.3
114.0 132.7
174.0 145.9
157.0 147.9
134.0 114.4
136.0 97.6
319.0 279.2
272.0 312.8
272.0 258.6
268.0 241.3
261.0 227.5
226.0 101.4
305.0 342.6
311.0 350.2
312.0 318.7
277.0 238.9
251.0 244.0
189.0 141.6
122.0 128.9
106.0 107.1
63.0 256.4
285.0 251.3
289.0 242.5
280.0 291.3
289.0 95.9
302.0 90.2
154.0 264.7
172.0 175.9
158.0 166.9
134.0 108.1
116.0 135.3
106.0 140.2
126.0 137.2
133.0 146.4
136.0 108.0
132.0 91.6
101.0 89.6
96.0 91.4
118.0 133.6
133.0 116.7
133.0 107.9
130.0 69.5
88.0 87.8
107.0 80.3
128.0 124.2
133.0 114.4
134.0 116.9
131.0 120.2
98.0 75.7
101.0 130.7
120.0 137.7
126.0 139.8
121.0 129.8
120.0 137.2
138.0 306.9
289.0 338.7
317.0 327.4
326.0 325.9
321.0 317.0
320.0 324.7
319.0 335.2
322.0 343.4
325.0 347.2
323.0 341.3
323.0 344.3
327.0 16.4
13.0 35.8
344.0 347.3
321.0 292.0
295.0 238.2
306.0 247.0
302.0 251.1
341.0 60.9
352.0 63.3
314.0 17.1
273.0 241.7
234.0 251.6
272.0 236.3
40.0 239.6
11.0 204.1
220.0 320.0
146.0 322.9
135.0 332.7
128.0 297.2
347.0 8.2
337.0 8.0
277.0 263.9
223.0 316.7
204.0 279.0
164.0 238.2
92.0 135.1
143.0 125.5
310.0 205.8
286.0 232.3
284.0 295.3
286.0 298.1
321.0 345.2
322.0 340.9
320.0 334.4
323.0 342.4
322.0 338.9
332.0 1.8
344.0 30.0
350.0 3.3
328.0 325.7
320.0 320.1
319.0 309.0
290.0 297.9
321.0 344.6
325.0 350.2
322.0 345.3
324.0 343.4
324.0 352.7
332.0 358.5
349.0 45.6
343.0 358.1
327.0 335.2
319.0 337.2
331.0 347.6
341.0 344.7
329.0 11.1
331.0 357.6
334.0 343.6
318.0 344.5
322.0 341.6
329.0 349.1
330.0 344.9
327.0 346.9
328.0 336.4
316.0 331.5
317.0 341.0
329.0 344.1
326.0 347.9
324.0 344.9
324.0 346.2
326.0 338.0
334.0 343.8
334.0 345.0
317.0 348.5
324.0 348.3
320.0 317.0
283.0 300.2
259.0 286.4
251.0 301.5
119.0 61.9
121.0 85.0
142.0 113.2
150.0 131.7
160.0 127.2
123.0 104.9

