11-4 5 7.8 359.0
11-4 5 7.8 315.0
11-4 5 7.0 359.0
11-4 5 7.8 359.0
11-4 5 7.0 359.0
11-4 5 12.2 320.0
11-4 5 13.0 340.0
11-4 5 8.7 313.0
11-4 5 12.2 340.0
11-4 5 12.2 359.0
11-4 5 13.0 343.0
11-4 5 9.6 348.0
11-4 5 8.7 359.0
11-4 5 6.1 359.0
11-4 5 10.4 24.0
11-4 5 7.0 349.0
11-4 5 9.6 4.0
11-4 5 12.2 12.0
11-4 5 9.6 14.0
11-4 5 6.1 27.0
11-4 5 3.5 43.0
11-4 5 1.7 359.0
11-4 5 0.0 69.0
11-4 5 0.0 58.0
11-4 5 0.0 59.0
11-4 5 0.9 59.0
11-4 5 0.0 359.0
11-4 5 1.7 58.0
11-4 5 3.5 359.0
11-4 5 3.5 346.0
11-4 6 7.0 4.0
11-4 6 7.0 14.0
11-4 6 3.5 18.0
11-4 6 2.6 54.0
11-4 6 3.5 45.0
11-4 6 0.9 43.0
11-4 6 0.0 48.0
11-4 6 0.9 51.0
11-4 6 1.7 47.0
11-4 6 0.9 50.0
11-4 6 0.9 359.0
11-4 6 0.9 52.0
11-4 6 0.9 48.0
11-4 6 0.0 47.0
11-4 6 0.0 45.0
11-4 6 0.9 47.0
11-4 6 1.7 43.0
11-4 6 0.9 51.0
11-4 6 1.7 62.0
11-4 6 0.9 54.0
11-4 6 0.9 61.0
11-4 6 0.9 70.0
11-4 6 2.6 58.0
11-4 6 1.7 359.0
11-4 6 0.0 62.0
11-4 6 0.9 57.0
11-4 6 0.9 60.0
11-4 6 0.9 60.0
11-4 6 1.7 63.0
11-4 6 1.7 73.0
11-4 7 1.7 66.0
11-4 7 0.9 359.0
11-4 7 0.0 64.0
11-4 7 1.7 74.0
11-4 7 1.7 359.0
11-4 7 0.9 359.0
11-4 7 0.0 63.0
11-4 7 0.9 63.0
11-4 7 0.9 61.0
11-4 7 0.0 64.0
11-4 7 0.9 64.0
11-4 7 1.7 359.0
11-4 7 2.6 61.0
11-4 7 1.7 359.0
11-4 7 0.0 66.0
11-4 7 0.0 62.0
11-4 7 0.0 63.0
11-4 7 0.0 64.0
11-4 7 0.0 64.0
11-4 7 0.0 359.0
11-4 7 0.0 63.0
11-4 7 0.0 63.0
11-4 7 0.0 75.0
11-4 7 0.0 59.0
11-4 7 0.0 64.0
11-4 7 0.0 64.0
11-4 7 0.0 64.0
11-4 7 0.9 64.0
11-4 7 2.6 60.0
11-4 7 0.0 62.0
11-4 8 0.9 63.0
11-4 8 0.9 359.0
11-4 8 2.6 63.0
11-4 8 0.0 64.0
11-4 8 0.0 64.0
11-4 8 0.0 64.0
11-4 8 0.0 73.0
11-4 8 0.0 359.0
11-4 8 0.0 70.0
11-4 8 0.0 62.0
11-4 8 0.0 72.0
11-4 8 0.0 73.0
11-4 8 0.9 62.0
11-4 8 1.7 64.0
11-4 8 2.6 359.0
11-4 8 2.6 332.0
11-4 8 3.5 359.0
11-4 8 0.9 335.0
11-4 8 1.7 332.0
11-4 8 0.9 326.0
11-4 8 2.6 359.0
11-4 8 2.6 359.0
11-4 8 0.9 303.0
11-4 8 2.6 322.0
11-4 8 2.6 359.0
11-4 8 4.3 359.0
11-4 8 3.5 359.0
11-4 8 3.5 349.0
11-4 8 3.5 332.0
11-4 8 5.2 359.0
11-4 9 4.3 359.0
11-4 9 5.2 359.0
11-4 9 5.2 328.0
11-4 9 3.5 333.0
11-4 9 4.3 323.0
11-4 9 3.5 359.0
11-4 9 6.1 354.0
11-4 9 4.3 345.0
11-4 9 4.3 350.0
11-4 9 2.6 328.0
11-4 9 3.5 318.0
11-4 9 1.7 295.0
11-4 9 5.2 308.0
11-4 9 7.0 296.0
11-4 9 7.0 359.0
11-4 9 5.2 359.0
11-4 9 7.0 308.0
11-4 9 4.3 320.0
11-4 9 7.0 359.0
11-4 9 7.0 297.0
11-4 9 6.1 359.0
11-4 9 7.8 305.0
11-4 9 6.1 297.0
11-4 9 4.3 314.0
11-4 9 6.1 359.0
11-4 9 5.2 297.0
11-4 9 6.1 297.0
11-4 9 4.3 359.0
11-4 9 7.0 310.0
11-4 9 5.2 320.0
11-4 10 6.1 313.0
11-4 10 6.1 321.0
11-4 10 6.1 323.0
11-4 10 8.7 359.0
11-4 10 5.2 324.0
11-4 10 3.5 13.0
11-4 10 4.3 333.0
11-4 10 7.0 328.0
11-4 10 7.0 354.0
11-4 10 4.3 316.0
11-4 10 5.2 334.0
11-4 10 5.2 359.0
11-4 10 6.1 359.0
11-4 10 5.2 330.0
11-4 10 3.5 310.0
11-4 10 4.3 320.0
11-4 10 3.5 359.0
11-4 10 2.6 309.0
11-4 10 3.5 359.0
11-4 10 4.3 328.0
11-4 10 3.5 359.0
11-4 10 4.3 354.0
11-4 10 6.1 359.0
11-4 10 5.2 359.0
11-4 10 4.3 354.0
11-4 10 4.3 337.0
11-4 10 4.3 359.0
11-4 10 2.6 347.0
11-4 10 3.5 359.0
11-4 10 2.6 347.0
11-4 11 2.6 359.0
11-4 11 1.7 359.0
11-4 11 0.9 347.0
11-4 11 0.0 347.0
11-4 11 0.9 359.0
11-4 11 1.7 359.0
11-4 11 3.5 320.0
11-4 11 4.3 320.0
11-4 11 3.5 359.0
11-4 11 1.7 330.0
11-4 11 4.3 332.0
11-4 11 2.6 359.0
11-4 11 3.5 359.0
11-4 11 1.7 333.0
11-4 11 2.6 332.0
11-4 11 1.7 330.0
11-4 11 1.7 331.0
11-4 11 2.6 359.0
11-4 11 3.5 329.0
11-4 11 1.7 327.0
11-4 11 2.6 359.0
11-4 11 3.5 320.0
11-4 11 1.7 359.0
11-4 11 1.7 340.0
11-4 11 2.6 359.0
11-4 11 3.5 316.0
11-4 11 3.5 293.0
11-4 11 4.3 359.0
11-4 11 2.6 359.0
11-4 11 2.6 359.0
11-4 12 4.3 301.0
11-4 12 1.7 359.0
11-4 12 2.6 359.0
11-4 12 2.6 301.0
11-4 12 2.6 301.0
11-4 12 2.6 301.0
11-4 12 1.7 359.0
11-4 12 3.5 301.0
11-4 12 2.6 301.0
11-4 12 3.5 301.0
11-4 12 4.3 359.0
11-4 12 3.5 359.0
11-4 12 4.3 291.0
11-4 12 2.6 359.0
11-4 12 1.7 359.0
11-4 12 2.6 291.0
11-4 12 4.3 272.0
11-4 12 6.1 251.0
11-4 12 3.5 266.0
11-4 12 2.6 266.0
11-4 12 4.3 265.0
11-4 12 5.2 252.0
11-4 12 4.3 241.0
11-4 12 3.5 247.0
11-4 12 2.6 247.0
11-4 12 4.3 256.0
11-4 12 6.1 251.0
11-4 12 4.3 239.0
11-4 12 3.5 247.0
11-4 12 4.3 266.0
11-4 13 4.3 269.0
11-4 13 4.3 251.0
11-4 13 7.8 250.0
11-4 13 6.1 245.0
11-4 13 5.2 249.0
11-4 13 4.3 263.0
11-4 13 7.0 251.0
11-4 13 5.2 244.0
11-4 13 4.3 246.0
11-4 13 5.2 249.0
11-4 13 4.3 248.0
11-4 13 4.3 228.0
11-4 13 5.2 243.0
11-4 13 5.2 236.0
11-4 13 6.1 235.0
11-4 13 7.0 231.0
11-4 13 6.1 234.0
11-4 13 5.2 241.0
11-4 13 7.0 234.0
11-4 13 6.1 242.0
11-4 13 6.1 230.0
11-4 13 6.1 241.0
11-4 13 5.2 217.0
11-4 13 6.1 228.0
11-4 13 7.8 235.0
11-4 13 7.8 241.0
11-4 13 7.0 233.0
11-4 13 7.0 236.0
11-4 13 7.8 237.0
11-4 13 7.0 359.0
11-4 14 6.1 241.0
11-4 14 4.3 235.0
11-4 14 7.0 243.0
11-4 14 6.1 243.0
11-4 14 7.8 246.0
11-4 14 5.2 237.0
11-4 14 7.8 359.0
11-4 14 7.0 238.0
11-4 14 6.1 359.0
11-4 14 4.3 246.0
11-4 14 7.8 234.0
11-4 14 8.7 237.0
11-4 14 6.1 247.0
11-4 14 4.3 237.0
11-4 14 6.1 238.0
11-4 14 7.8 239.0
11-4 14 7.0 359.0
11-4 14 6.1 359.0
11-4 14 7.8 246.0
11-4 14 7.0 217.0
11-4 14 7.0 237.0
11-4 14 5.2 237.0
11-4 14 6.1 218.0
11-4 14 6.1 238.0
11-4 14 6.1 239.0
11-4 14 6.1 238.0
11-4 14 7.8 227.0
11-4 14 6.1 242.0
11-4 14 5.2 233.0
11-4 14 5.2 221.0
11-4 15 4.3 224.0
11-4 15 4.3 249.0
11-4 15 7.0 231.0
11-4 15 4.3 233.0
11-4 15 3.5 227.0
11-4 15 7.0 234.0
11-4 15 7.0 233.0
11-4 15 8.7 225.0
11-4 15 6.1 242.0
11-4 15 6.1 245.0
11-4 15 7.0 228.0
11-4 15 5.2 232.0
11-4 15 7.8 242.0
11-4 15 5.2 233.0
11-4 15 8.7 239.0
11-4 15 8.7 229.0
11-4 15 4.3 231.0
11-4 15 6.1 243.0
11-4 15 7.8 224.0
11-4 15 4.3 241.0
11-4 15 5.2 232.0
11-4 15 8.7 226.0
11-4 15 7.8 232.0
11-4 15 6.1 228.0
11-4 15 5.2 223.0
11-4 15 6.1 228.0
11-4 15 7.0 249.0
11-4 15 7.0 250.0
11-4 15 8.7 238.0
11-4 15 6.1 243.0
11-4 16 7.0 226.0
11-4 16 5.2 232.0
11-4 16 7.0 240.0
11-4 16 6.1 244.0
11-4 16 4.3 257.0
11-4 16 7.8 247.0
11-4 16 7.0 238.0
11-4 16 6.1 228.0
11-4 16 7.0 241.0
11-4 16 6.1 247.0
11-4 16 8.7 235.0
11-4 16 7.0 234.0
11-4 16 7.0 236.0
11-4 16 7.0 235.0
11-4 16 7.8 228.0
11-4 16 5.2 224.0
11-4 16 7.0 241.0
11-4 16 7.0 230.0
11-4 16 7.8 226.0
11-4 16 3.5 225.0
11-4 16 3.5 233.0
11-4 16 6.1 251.0
11-4 16 5.2 243.0
11-4 16 5.2 233.0
11-4 16 7.0 239.0
11-4 16 6.1 243.0
11-4 16 6.1 238.0
11-4 16 7.8 235.0
11-4 16 6.1 235.0
11-4 16 8.7 235.0
11-4 17 6.1 235.0
11-4 17 6.1 235.0
11-4 17 7.0 240.0
11-4 17 5.2 239.0
11-4 17 6.1 258.0
11-4 17 7.0 235.0
11-4 17 6.1 233.0
11-4 17 7.8 243.0
11-4 17 7.0 232.0
11-4 17 7.0 233.0
11-4 17 7.0 240.0
11-4 17 4.3 249.0
11-4 17 3.5 251.0
11-4 17 4.3 243.0
11-4 17 6.1 243.0
11-4 17 2.6 243.0
11-4 17 4.3 242.0
11-4 17 6.1 238.0
11-4 17 3.5 238.0
11-4 17 6.1 239.0
11-4 17 6.1 247.0
11-4 17 3.5 247.0
11-4 17 4.3 247.0
11-4 17 4.3 247.0
11-4 17 5.2 247.0
11-4 17 4.3 247.0
11-4 17 5.2 247.0
11-4 17 3.5 247.0
11-4 17 1.7 247.0
11-4 17 2.6 247.0
11-4 18 2.6 247.0
11-4 18 3.5 247.0
11-4 18 3.5 247.0
11-4 18 4.3 247.0
11-4 18 2.6 247.0
11-4 18 1.7 247.0
11-4 18 2.6 247.0
11-4 18 1.7 247.0
11-4 18 2.6 247.0
11-4 18 2.6 247.0
11-4 18 1.7 247.0
11-4 18 1.7 247.0
11-4 18 2.6 247.0
11-4 18 4.3 247.0
11-4 18 3.5 247.0
11-4 18 3.5 247.0
11-4 18 2.6 247.0
11-4 18 5.2 247.0
11-4 18 3.5 247.0
11-4 18 7.0 239.0
11-4 18 3.5 249.0
11-4 18 3.5 237.0
11-4 18 5.2 231.0
11-4 18 7.8 228.0
11-4 18 6.1 235.0
11-4 18 6.1 243.0
11-4 18 4.3 244.0
11-4 18 3.5 222.0
11-4 18 4.3 243.0
11-4 18 7.0 251.0
11-4 19 4.3 231.0
11-4 19 3.5 237.0
11-4 19 5.2 234.0
11-4 19 4.3 260.0
11-4 19 3.5 215.0
11-4 19 2.6 235.0
11-4 19 3.5 359.0
11-4 19 2.6 359.0
11-4 19 1.7 265.0
11-4 19 5.2 199.0
11-4 19 3.5 220.0
11-4 19 2.6 359.0
11-4 19 3.5 293.0
11-4 19 5.2 359.0
11-4 19 6.1 256.0
11-4 19 8.7 359.0
11-4 19 7.8 245.0
11-4 19 7.0 251.0
11-4 19 8.7 249.0
11-4 19 4.3 243.0
11-4 19 6.1 359.0
11-4 19 4.3 245.0
11-4 19 2.6 359.0
11-4 19 4.3 239.0
11-4 19 3.5 239.0
11-4 19 0.0 240.0
11-4 19 1.7 203.0
11-4 19 1.7 359.0
11-4 19 0.0 203.0
11-4 19 0.9 215.0
11-4 20 0.0 201.0
11-4 20 3.5 216.0
11-4 20 5.2 247.0
11-4 20 7.0 245.0
11-4 20 5.2 252.0
11-4 20 6.1 271.0
11-4 20 6.1 268.0
11-4 20 4.3 266.0
11-4 20 5.2 247.0
11-4 20 5.2 359.0
11-4 20 1.7 239.0
11-4 20 2.6 226.0
11-4 20 1.7 229.0
11-4 20 1.7 231.0
11-4 20 0.9 241.0
11-4 20 0.9 359.0
11-4 20 1.7 226.0
11-4 20 0.9 240.0
11-4 20 0.9 359.0
11-4 20 0.9 230.0
11-4 20 1.7 229.0
11-4 20 0.0 359.0
11-4 20 0.9 228.0
11-4 20 0.9 228.0
11-4 20 1.7 359.0
11-4 20 0.0 226.0
11-4 20 0.0 226.0
11-4 20 0.9 226.0
11-4 20 0.9 231.0
11-4 20 0.9 359.0
11-4 21 0.9 226.0
11-4 21 0.0 228.0
11-4 21 0.0 230.0
11-4 21 0.0 241.0
11-4 21 0.0 229.0
11-4 21 0.9 359.0
11-4 21 0.9 241.0
11-4 21 0.0 225.0
11-4 21 0.9 231.0
11-4 21 0.0 231.0
11-4 21 0.9 231.0
11-4 21 1.7 359.0
11-4 21 0.0 359.0
11-4 21 0.9 231.0
11-4 21 1.7 359.0
11-4 21 1.7 359.0
11-4 21 0.0 226.0
11-4 21 0.9 359.0
11-4 21 1.7 231.0
11-4 21 2.6 359.0
11-4 21 0.0 359.0
11-4 21 0.0 359.0
11-4 21 0.0 212.0
11-4 21 1.7 359.0
11-4 21 0.0 210.0
11-4 21 0.0 224.0
11-4 21 0.0 224.0
11-4 21 0.0 215.0
11-4 21 0.9 208.0
11-4 21 0.0 359.0
11-4 22 0.0 359.0
11-4 22 0.0 359.0
11-4 22 0.9 212.0
11-4 22 0.0 359.0
11-4 22 0.9 212.0
11-4 22 1.7 210.0
11-4 22 0.9 212.0
11-4 22 0.9 214.0
11-4 22 0.0 214.0
11-4 22 1.7 359.0
11-4 22 0.0 214.0
11-4 22 0.9 226.0
11-4 22 1.7 359.0
11-4 22 0.9 359.0
11-4 22 0.9 210.0
11-4 22 2.6 359.0
11-4 22 1.7 210.0
11-4 22 1.7 210.0
11-4 22 1.7 209.0
11-4 22 0.9 206.0
11-4 22 0.0 210.0
11-4 22 0.9 359.0
11-4 22 0.9 359.0
11-4 22 1.7 207.0
11-4 22 0.9 209.0
11-4 22 1.7 359.0
11-4 22 0.9 209.0
11-4 22 1.7 359.0
11-4 22 0.9 218.0
11-4 22 0.9 359.0
11-4 23 1.7 359.0
11-4 23 1.7 206.0
11-4 23 2.6 359.0
11-4 23 1.7 210.0
11-4 23 0.0 359.0
