18-2 19 12.2 359.0
18-2 19 8.7 359.0
18-2 19 9.6 359.0
18-2 19 10.4 281.0
18-2 19 8.7 359.0
18-2 19 8.7 274.0
18-2 19 9.6 359.0
18-2 19 11.3 268.0
18-2 19 8.7 281.0
18-2 20 4.3 253.0
18-2 20 4.3 250.0
18-2 20 6.1 249.0
18-2 20 4.3 359.0
18-2 20 6.1 359.0
18-2 21 5.2 278.0
18-2 21 5.2 359.0
18-2 21 5.2 359.0
18-2 21 7.8 292.0
18-2 21 5.2 288.0
18-2 21 5.2 359.0
18-2 21 7.0 359.0
18-2 21 3.5 359.0
18-2 21 7.0 297.0
18-2 21 7.8 332.0
18-2 21 9.6 319.0
18-2 21 8.7 305.0
18-2 21 7.0 331.0
18-2 21 6.1 297.0
18-2 21 6.1 359.0
18-2 21 6.1 276.0
18-2 21 7.0 345.0
18-2 21 6.1 303.0
18-2 21 7.8 332.0
18-2 21 4.3 336.0
18-2 21 5.2 322.0
18-2 21 4.3 359.0
18-2 21 3.5 296.0
18-2 21 3.5 292.0
18-2 21 2.6 359.0
