12.7 2.7
10.5 1.9
6.7 3.1
2.1 6.4
3.5 3.3
7.2 0.8
5.7 2.3
3.1 2.0
1.4 1.7
3.1 3.2
5.9 6.3
9.9 4.0
6.2 3.0
5.7 1.9
15.0 0.9
18.4 3.0
20.9 8.4
21.5 12.0
19.4 10.2
17.1 4.3
11.5 3.6
6.0 2.2
2.1 1.5
1.5 3.0
4.1 2.6
4.5 2.7
3.4 1.1
3.6 0.1
0.4 0.9
6.7 3.6
8.3 4.1
14.1 7.6
19.7 8.9
17.9 5.6
17.9 5.1
3.5 1.5
4.2 2.0
5.4 3.3
4.9 5.8
2.1 3.8
5.0 0.2
3.4 0.4
4.8 3.3
4.4 2.3
6.4 5.1
14.7 5.2
11.1 4.8
9.6 3.0
5.7 0.8
2.4 1.9
2.9 1.1
5.8 3.3
10.2 7.9
13.7 7.4
14.3 7.1
18.5 1.4
6.5 1.1
1.3 1.2
3.5 3.2
6.0 3.5
5.4 2.4
3.2 0.8
4.0 1.5
4.8 4.9
9.1 6.9
20.8 10.6
22.7 13.5
20.9 10.5
16.0 10.3
20.4 12.7
22.3 13.8
22.4 14.9
24.8 16.7
23.7 15.0
21.9 15.1
21.0 12.3
27.6 13.7
10.1 2.7
3.4 3.8
12.4 6.5
22.3 12.6
27.2 12.7
24.6 10.9
27.7 12.4
22.0 10.5
23.7 11.7
25.9 14.0
23.2 12.0
27.7 10.0
28.3 12.5
28.1 12.2
30.6 12.8
31.9 11.3
28.9 10.5
12.5 9.9
17.6 4.6
17.7 8.0
16.6 9.0
8.8 7.9
6.5 6.5
10.4 5.6
11.0 8.3
7.8 3.9
6.7 1.9
23.1 6.6
15.2 5.0
15.3 5.5
13.6 8.8
11.6 5.8
6.2 2.4
11.0 3.9
8.0 1.8
2.5 4.7
8.9 5.6
11.2 6.4
11.8 1.5
3.6 2.9
2.9 2.2
4.6 4.4
6.8 4.8
6.9 5.3
6.6 4.3
11.4 6.9
12.0 11.7
16.0 10.8
16.8 7.7
17.0 8.4
14.7 7.1
10.5 7.4
9.5 6.2
11.3 8.5
15.2 9.1
17.2 10.4
13.6 5.7
6.6 5.7
8.3 5.5
10.5 8.2
15.9 7.4
17.2 8.8
14.1 7.3
8.4 4.3
10.1 9.9
16.2 12.0
22.4 12.0
26.6 15.3
28.2 15.9
9.6 8.9
16.6 10.5
30.4 15.5
31.2 18.1
28.6 14.9
24.8 16.3
36.7 22.6
39.8 23.5
33.5 21.4
23.3 17.9
21.4 17.3
16.8 8.0
5.8 3.0
7.7 3.9
8.0 4.0
11.0 6.4
11.3 4.3
10.7 1.2
5.8 2.6
5.4 1.6
5.7 3.3
6.4 4.8
6.1 3.1
4.6 1.8
3.8 1.5
1.1 0.8
2.3 4.5
4.1 3.6
6.1 3.5
4.9 0.9
1.7 2.1
2.6 1.7
4.6 5.1
6.2 4.0
4.7 3.1
3.3 1.1
4.3 2.8
6.8 2.0
8.8 4.8
12.9 4.9
20.1 15.0
22.3 17.5
20.9 13.8
25.0 18.6
30.9 20.3
29.3 23.8
33.7 21.7
30.5 14.0
13.8 4.1
11.0 4.1
12.9 9.4
18.8 13.6
22.3 11.6
17.4 7.7
29.0 15.8
31.4 17.1
36.0 21.6
36.3 20.5
38.0 20.7
29.3 12.1
10.8 2.1
10.6 2.6
13.6 7.4
21.5 13.2
32.0 21.3
34.4 21.7
25.6 9.7
20.6 15.7
20.4 17.7
23.4 21.3
29.8 20.1
28.9 19.3
22.2 14.7
26.5 13.9
22.0 12.1
14.7 15.0
25.3 17.4
28.7 18.0
32.7 17.4
34.0 20.1
34.2 21.4
30.0 19.6
29.5 18.8
25.9 18.3
27.8 15.7
22.3 13.0
19.3 12.0
13.8 13.4
14.6 8.7
12.9 2.8
7.9 3.8
13.4 5.2
14.4 8.1
12.4 8.7
10.7 7.7
15.7 8.7

