12.7 339.0 2.7
10.5 347.0 1.9
6.7 341.0 3.1
2.1 285.0 6.4
26.6 121.0 15.3
28.2 120.0 15.9
9.6 138.0 8.9
16.6 289.0 10.5
30.4 317.0 15.5
31.2 326.0 18.1
28.6 321.0 14.9
24.8 320.0 16.3
36.7 319.0 22.6
39.8 322.0 23.5
33.5 325.0 21.4
23.3 323.0 17.9
21.4 323.0 17.3
16.8 327.0 8.0
5.8 13.0 3.0
7.7 344.0 3.9
8.0 321.0 4.0
11.0 295.0 6.4
11.3 306.0 4.3
10.7 302.0 1.2
5.8 341.0 2.6
5.4 352.0 1.6
5.7 314.0 3.3
6.4 273.0 4.8
6.1 234.0 3.1
4.6 272.0 1.8
3.8 40.0 1.5
1.1 11.0 0.8
2.3 220.0 4.5
4.1 146.0 3.6
6.1 135.0 3.5
4.9 128.0 0.9
1.7 347.0 2.1
2.6 337.0 1.7
4.6 277.0 5.1
6.2 223.0 4.0
4.7 204.0 3.1
3.3 164.0 1.1
4.3 92.0 2.8
6.8 143.0 2.0
8.8 310.0 4.8
12.9 286.0 4.9
20.1 284.0 15.0
22.3 286.0 17.5
20.9 321.0 13.8
25.0 322.0 18.6
30.9 320.0 20.3
29.3 323.0 23.8
33.7 322.0 21.7
30.5 332.0 14.0
13.8 344.0 4.1
11.0 350.0 4.1
12.9 328.0 9.4
18.8 320.0 13.6
22.3 319.0 11.6
17.4 290.0 7.7
29.0 321.0 15.8
31.4 325.0 17.1
36.0 322.0 21.6
36.3 324.0 20.5
38.0 324.0 20.7
29.3 332.0 12.1
10.8 349.0 2.1
10.6 343.0 2.6
13.6 327.0 7.4
21.5 319.0 13.2
32.0 331.0 21.3
34.4 341.0 21.7
25.6 329.0 9.7
20.6 331.0 15.7
20.4 334.0 17.7
23.4 318.0 21.3
29.8 322.0 20.1
28.9 329.0 19.3
22.2 330.0 14.7
26.5 327.0 13.9
22.0 328.0 12.1
14.7 316.0 15.0
25.3 317.0 17.4
28.7 329.0 18.0
32.7 326.0 17.4
34.0 324.0 20.1
34.2 324.0 21.4
30.0 326.0 19.6
29.5 334.0 18.8
25.9 334.0 18.3
27.8 317.0 15.7
22.3 324.0 13.0
19.3 320.0 12.0
13.8 283.0 13.4
14.6 259.0 8.7
12.9 251.0 2.8
7.9 119.0 3.8
13.4 121.0 5.2
14.4 142.0 8.1
12.4 150.0 8.7
10.7 160.0 7.7
15.7 123.0 8.7
17.8 105.0 10.5
20.8 99.0 13.4
25.3 111.0 13.0
28.4 117.0 12.9
27.5 118.0 12.2
26.7 103.0 14.6
23.5 118.0 8.3
11.3 116.0 5.3
16.9 112.0 6.5
14.2 123.0 7.1
18.9 116.0 2.7
11.6 114.0 4.0
14.1 117.0 5.8
8.1 102.0 4.9
12.6 133.0 8.0
15.8 142.0 9.9
18.5 128.0 6.7
15.1 126.0 3.0
17.8 131.0 6.3
15.3 151.0 7.0
15.0 180.0 9.7
15.4 128.0 6.8
15.8 142.0 3.1
6.2 287.0 0.6
3.5 167.0 3.3
7.2 139.0 0.8
5.7 137.0 2.3
3.1 109.0 2.0
1.4 44.0 1.7
3.1 293.0 3.2
5.9 288.0 6.3
9.9 263.0 4.0
6.2 271.0 3.0
5.7 299.0 1.9
15.0 312.0 0.9
18.4 316.0 3.0
20.9 303.0 8.4
21.5 315.0 12.0
19.4 315.0 10.2
17.1 314.0 4.3
11.5 325.0 3.6
6.0 159.0 2.2
2.1 96.0 1.5
1.5 84.0 3.0
4.1 168.0 2.6
4.5 165.0 2.7
3.4 141.0 1.1
3.6 120.0 0.1
0.4 192.0 0.9
6.7 325.0 3.6
8.3 305.0 4.1
14.1 302.0 7.6
19.7 318.0 8.9
17.9 325.0 5.6
17.9 332.0 5.1
3.5 86.0 1.5
4.2 100.0 2.0
5.4 161.0 3.3
4.9 198.0 5.8
2.1 176.0 3.8
5.0 148.0 0.2
3.4 124.0 0.4
4.8 125.0 3.3
4.4 103.0 2.3
6.4 120.0 5.1
14.7 148.0 5.2
11.1 148.0 4.8
9.6 144.0 3.0
5.7 132.0 0.8
2.4 29.0 1.9
2.9 329.0 1.1
5.8 308.0 3.3
10.2 289.0 7.9
13.7 268.0 7.4
14.3 287.0 7.1
18.5 309.0 1.4
6.5 106.0 1.1
1.3 143.0 1.2
3.5 311.0 3.2
6.0 240.0 3.5
5.4 233.0 2.4
3.2 196.0 0.8
4.0 265.0 1.5
4.8 303.0 4.9
9.1 321.0 6.9
20.8 308.0 10.6
22.7 329.0 13.5
20.9 332.0 10.5
16.0 320.0 10.3
20.4 313.0 12.7
22.3 327.0 13.8
22.4 321.0 14.9
24.8 318.0 16.7
23.7 326.0 15.0
21.9 333.0 15.1
21.0 328.0 12.3
27.6 328.0 13.7
10.1 332.0 2.7
3.4 58.0 3.8
12.4 126.0 6.5
22.3 120.0 12.6
27.2 121.0 12.7
24.6 100.0 10.9
27.7 92.0 12.4
22.0 133.0 10.5
23.7 127.0 11.7
25.9 116.0 14.0
23.2 120.0 12.0
27.7 109.0 10.0
28.3 108.0 12.5
28.1 99.0 12.2
30.6 101.0 12.8
31.9 121.0 11.3
28.9 114.0 10.5
12.5 174.0 9.9
17.6 157.0 4.6
17.7 134.0 8.0
16.6 136.0 9.0
8.8 319.0 7.9
6.5 272.0 6.5
10.4 272.0 5.6
11.0 268.0 8.3
7.8 261.0 3.9
6.7 226.0 1.9
23.1 305.0 6.6
15.2 311.0 5.0
15.3 312.0 5.5
13.6 277.0 8.8
11.6 251.0 5.8
6.2 189.0 2.4
11.0 122.0 3.9
8.0 106.0 1.8
2.5 63.0 4.7
8.9 285.0 5.6
11.2 289.0 6.4
11.8 280.0 1.5
3.6 289.0 2.9
2.9 302.0 2.2
4.6 154.0 4.4
6.8 172.0 4.8
6.9 158.0 5.3
6.6 134.0 4.3
11.4 116.0 6.9
12.0 106.0 11.7
16.0 126.0 10.8
16.8 133.0 7.7
17.0 136.0 8.4
14.7 132.0 7.1
10.5 101.0 7.4
9.5 96.0 6.2
11.3 118.0 8.5
15.2 133.0 9.1
17.2 133.0 10.4
13.6 130.0 5.7
6.6 88.0 5.7
8.3 107.0 5.5
10.5 128.0 8.2
15.9 133.0 7.4
17.2 134.0 8.8
14.1 131.0 7.3
8.4 98.0 4.3
10.1 101.0 9.9
16.2 120.0 12.0
22.4 126.0 12.0