13-2 10 10.4 346 
13-2 13 8.5 339 
13-2 16 7.7 315 
13-2 19 9.9 316 
13-2 22 9.8 317 
14-2 10 4.8 11 
14-2 13 3.5 146 
14-2 16 7.3 155 
14-2 19 6.6 139 
14-2 22 6.6 121 
15-2 10 9.1 110 
15-2 13 11.8 132 
15-2 16 17.7 133 
15-2 19 15.1 126 
15-2 22 13 113
16-2 10 4.4 354 
16-2 13 7.2 321 
16-2 16 9.8 313 
16-2 19 9.8 302 
16-2 22 8.2 309 
17-2 10 3.3 0 
17-2 13 4 308 
17-2 16 5.6 277 
17-2 19 8.7 313 
17-2 22 3.8 88 
18-2 10 5.2 317 
18-2 13 9.1 306 
18-2 16 11.3 290 
18-2 19 11.3 292
18-2 22 14.6 312 
19-2 10 21.4 329 
19-2 13 15.1 334 
19-2 16 16.8 328 
19-2 19 20 331 
19-2 22 23.1 330 
20-2 10 15.6 341 
20-2 13 10.7 329 
20-2 16 9.8 315 
20-2 19 9.7 326 
20-2 22 7.7 348 
22-2 10 11.6 185 
22-2 13 14.2 153 
22-2 16 19.7 142 
22-2 19 19.2 138 
22-2 22 4.5 223 
23-2 10 17.8 292 
23-2 13 22.5 284 
23-2 16 22.6 287 
23-2 19 18.7 278 
23-2 22 18.2 267 
24-2 10 6.3 333 
24-2 13 8.1 294 
24-2 16 10.2 300 
24-2 19 11.7 315 
24-2 22 13.4 317 
25-2 10 4 116 
25-2 13 16.5 179 
25-2 16 19.6 169 
25-2 19 21.2 159 
25-2 22 20.9 136 
26-2 10 6.9 348 
26-2 13 2.3 340 
26-2 16 4.6 222 
26-2 19 7.4 152 
26-2 22 5.5 230 
27-2 10 5.1 14 
27-2 13 5.1 32 
27-2 16 3.4 344 
27-2 19 4 283 
27-2 22 3.2 34 
