13-3 04 12.7 339
13-3 07 10.5 347
13-3 10 6.7 341
13-3 13 2.1 285
13-3 16 3.5 167
13-3 19 7.2 139
13-3 22 5.7 137

15-3 04 3.1 109 
15-3 07 1.4 44 
15-3 10 3.1 293 
15-3 13 5.9 288 
15-3 16 9.9 263 
15-3 19 6.2 271 
15-3 22 5.7 299 

16-3 04 15 312 
16-3 07 18.4 316 
16-3 10 20.9 303 
16-3 13 21.5 315 
16-3 16 19.4 315 
16-3 19 17.1 314 
16-3 22 11.5 325 

17-3 04 6 159 
17-3 07 2.1 96 
17-3 10 1.5 84 
17-3 13 4.1 168 
17-3 16 4.5 165 
17-3 19 3.4 141 
17-3 22 3.6 120 

18-3 04 0.4 192 
18-3 07 6.7 325 
18-3 10 8.3 305 
18-3 13 14.1 302 
18-3 16 19.7 318 
18-3 19 17.9 325 
18-3 22 17.9 332 

19-3 04 3.5 86 
19-3 07 4.2 100 
19-3 10 5.4 161 
19-3 13 4.9 198 
19-3 16 2.1 176 
19-3 19 5 148 
19-3 22 3.4 124 

20-3 04 4.8 125 
20-3 07 4.4 103 
20-3 10 6.4 120 
20-3 13 14.7 148 
20-3 16 11.1 148 
20-3 19 9.6 144 
20-3 22 5.7 132 

21-3 04 2.4 29 
21-3 07 2.9 329 
21-3 10 5.8 308 
21-3 13 10.2 289 
21-3 16 13.7 268 
21-3 19 14.3 287 
21-3 22 18.5 309 

22-3 04 6.5 106 
22-3 07 1.3 143 
22-3 10 3.5 311 
22-3 13 6 240 
22-3 16 5.4 233 
22-3 19 3.2 196 
22-3 22 4 265 

23-3 04 4.8 303 
23-3 07 9.1 321 
23-3 10 20.8 308 
23-3 13 22.7 329 
23-3 16 20.9 332 
23-3 19 16 320 
23-3 22 20.4 313 

24-3 04 22.3 327 
24-3 07 22.4 321 
24-3 10 24.8 318 
24-3 13 23.7 326 
24-3 16 21.9 333 
24-3 19 21 328 
24-3 22 27.6 328 

25-3 04 10.1 332 
25-3 07 3.4 58 
25-3 10 12.4 126 
25-3 13 22.3 120 
25-3 16 27.2 121 
25-3 19 24.6 100 
25-3 22 27.7 92 

26-3 04 29.6 97 
26-3 07 31.9 99 
26-3 10 30.7 100 
26-3 13 27.6 104 
26-3 16 28.2 106 
26-3 19 30 109 
26-3 22 25.4 108 

27-3 04 16.2 230 
27-3 07 20.1 263 
27-3 10 17.9 289 
27-3 13 14.3 268 
27-3 16 8.8 258 
27-3 19 9.4 167 
27-3 22 10.4 136 

28-3 04 13.5 226 
28-3 07 13.9 306 
28-3 10 15.3 301 
28-3 13 11 306 
28-3 16 3.9 157 
28-3 19 16.5 126 
28-3 22 16 118 

