01-4 5 4.3 291.0
01-4 5 4.3 281.0
01-4 5 7.0 275.0
01-4 5 7.8 359.0
01-4 5 5.2 279.0
01-4 5 5.2 284.0
01-4 5 5.2 285.0
01-4 5 6.1 278.0
01-4 5 7.8 280.0
01-4 5 6.1 285.0
01-4 5 7.0 280.0
01-4 5 4.3 278.0
01-4 5 5.2 296.0
01-4 5 7.8 289.0
01-4 5 7.0 283.0
01-4 5 7.8 287.0
01-4 5 7.0 278.0
01-4 5 7.0 282.0
01-4 5 7.0 282.0
01-4 5 7.8 285.0
01-4 5 6.1 282.0
01-4 5 7.8 285.0
01-4 5 6.1 283.0
01-4 5 6.1 287.0
01-4 5 8.7 276.0
01-4 5 8.7 280.0
01-4 5 5.2 272.0
01-4 5 5.2 278.0
01-4 5 3.5 284.0
01-4 6 5.2 284.0
01-4 6 5.2 280.0
01-4 6 5.2 280.0
01-4 6 3.5 274.0
01-4 6 8.7 277.0
01-4 6 10.4 275.0
01-4 6 7.8 282.0
01-4 6 5.2 278.0
01-4 6 7.0 273.0
01-4 6 4.3 273.0
01-4 6 5.2 268.0
01-4 6 5.2 276.0
01-4 6 6.1 275.0
01-4 6 7.0 270.0
01-4 6 10.4 266.0
01-4 6 9.6 281.0
01-4 6 9.6 270.0
01-4 6 6.1 272.0
01-4 6 7.8 273.0
01-4 6 13.0 284.0
01-4 6 7.8 282.0
01-4 6 10.4 262.0
01-4 6 9.6 272.0
01-4 6 12.2 274.0
01-4 6 7.8 271.0
01-4 6 10.4 268.0
01-4 6 10.4 286.0
01-4 6 10.4 274.0
01-4 6 9.6 284.0
01-4 6 8.7 282.0
01-4 7 6.1 289.0
01-4 7 9.6 277.0
01-4 7 10.4 291.0
01-4 7 10.4 288.0
01-4 7 13.0 285.0
01-4 7 10.4 288.0
01-4 7 11.3 284.0
01-4 7 12.2 272.0
01-4 7 10.4 278.0
01-4 7 10.4 283.0
01-4 7 4.3 262.0
01-4 7 8.7 268.0
01-4 7 7.8 277.0
01-4 7 7.8 281.0
01-4 7 10.4 264.0
01-4 7 8.7 262.0
01-4 7 6.1 272.0
01-4 7 7.8 277.0
01-4 7 7.8 281.0
01-4 7 7.8 288.0
01-4 7 10.4 283.0
01-4 7 12.2 276.0
01-4 7 9.6 268.0
01-4 7 11.3 279.0
01-4 7 8.7 272.0
01-4 7 11.3 297.0
01-4 7 10.4 275.0
01-4 7 8.7 276.0
01-4 7 9.6 277.0
01-4 7 8.7 274.0
01-4 8 9.6 293.0
01-4 8 5.2 267.0
01-4 8 7.0 258.0
01-4 8 11.3 280.0
01-4 8 8.7 274.0
01-4 8 7.0 284.0
01-4 8 7.0 266.0
01-4 8 4.3 279.0
01-4 8 9.6 273.0
01-4 8 9.6 276.0
01-4 8 13.0 278.0
01-4 8 7.0 262.0
01-4 8 10.4 268.0
01-4 8 9.6 268.0
01-4 8 5.2 292.0
01-4 8 8.7 281.0
01-4 8 7.0 359.0
01-4 8 7.0 310.0
01-4 8 8.7 291.0
01-4 8 7.8 293.0
01-4 8 8.7 289.0
01-4 8 8.7 295.0
01-4 8 7.0 322.0
01-4 8 8.7 306.0
01-4 8 8.7 321.0
01-4 8 8.7 316.0
01-4 8 9.6 298.0
01-4 8 7.8 300.0
01-4 8 8.7 324.0
01-4 8 9.6 342.0
01-4 9 10.4 305.0
01-4 9 7.8 299.0
01-4 9 10.4 315.0
01-4 9 9.6 291.0
01-4 9 12.2 300.0
01-4 9 7.8 301.0
01-4 9 10.4 291.0
01-4 9 8.7 315.0
01-4 9 9.6 299.0
01-4 9 8.7 305.0
01-4 9 7.8 283.0
01-4 9 7.0 326.0
01-4 9 8.7 326.0
01-4 9 7.8 342.0
01-4 9 7.0 308.0
01-4 9 7.8 342.0
01-4 9 5.2 325.0
01-4 9 6.1 314.0
01-4 9 5.2 318.0
01-4 9 4.3 341.0
01-4 9 8.7 320.0
01-4 9 4.3 326.0
01-4 9 5.2 316.0
01-4 9 9.6 309.0
01-4 9 6.1 304.0
01-4 9 9.6 320.0
01-4 9 7.0 310.0
01-4 9 5.2 314.0
01-4 9 7.8 340.0
01-4 9 3.5 321.0
01-4 10 4.3 323.0
01-4 10 6.1 301.0
01-4 10 7.0 304.0
01-4 10 3.5 8.0
01-4 10 6.1 354.0
01-4 10 3.5 354.0
01-4 10 7.0 335.0
01-4 10 6.1 329.0
01-4 10 3.5 320.0
01-4 10 5.2 11.0
01-4 10 3.5 359.0
01-4 10 5.2 326.0
01-4 10 2.6 4.0
01-4 10 2.6 339.0
01-4 10 3.5 359.0
01-4 10 2.6 359.0
01-4 10 2.6 359.0
01-4 10 0.9 354.0
01-4 10 1.7 335.0
01-4 10 3.5 335.0
01-4 10 3.5 330.0
01-4 10 1.7 330.0
01-4 10 1.7 330.0
01-4 10 4.3 313.0
01-4 10 4.3 300.0
01-4 10 2.6 303.0
01-4 10 2.6 308.0
01-4 10 1.7 307.0
01-4 10 3.5 301.0
01-4 10 2.6 303.0
01-4 11 3.5 275.0
01-4 11 2.6 286.0
01-4 11 2.6 272.0
01-4 11 2.6 275.0
01-4 11 3.5 276.0
01-4 11 2.6 274.0
01-4 11 2.6 270.0
01-4 11 1.7 277.0
01-4 11 2.6 285.0
01-4 11 4.3 285.0
01-4 11 4.3 279.0
01-4 11 4.3 253.0
01-4 11 5.2 257.0
01-4 11 4.3 250.0
01-4 11 6.1 251.0
01-4 11 6.1 244.0
01-4 11 4.3 264.0
01-4 11 7.0 241.0
01-4 11 6.1 248.0
01-4 11 2.6 258.0
01-4 11 7.8 260.0
01-4 11 7.8 266.0
01-4 11 7.0 238.0
01-4 11 6.1 285.0
01-4 11 7.0 271.0
01-4 11 7.8 257.0
01-4 11 6.1 253.0
01-4 11 6.1 264.0
01-4 11 6.1 250.0
01-4 11 7.8 262.0
01-4 12 5.2 269.0
01-4 12 4.3 270.0
01-4 12 7.8 253.0
01-4 12 7.8 268.0
01-4 12 7.8 263.0
01-4 12 7.8 264.0
01-4 12 5.2 249.0
01-4 12 5.2 256.0
01-4 12 7.8 251.0
01-4 12 7.0 247.0
01-4 12 7.8 250.0
01-4 12 7.0 244.0
01-4 12 5.2 273.0
01-4 12 6.1 258.0
01-4 12 7.8 249.0
01-4 12 6.1 234.0
01-4 12 7.8 253.0
01-4 12 7.0 241.0
01-4 12 5.2 256.0
01-4 12 7.0 264.0
01-4 12 7.0 266.0
01-4 12 4.3 268.0
01-4 12 5.2 264.0
01-4 12 7.0 268.0
01-4 12 7.0 278.0
01-4 12 5.2 269.0
01-4 12 5.2 251.0
01-4 12 5.2 251.0
01-4 12 6.1 252.0
01-4 12 6.1 242.0
01-4 13 6.1 271.0
01-4 13 4.3 244.0
01-4 13 4.3 260.0
01-4 13 5.2 234.0
01-4 13 6.1 243.0
01-4 13 4.3 239.0
01-4 13 4.3 243.0
01-4 13 6.1 252.0
01-4 13 6.1 262.0
01-4 13 5.2 241.0
01-4 13 6.1 260.0
01-4 13 5.2 258.0
01-4 13 6.1 237.0
01-4 13 4.3 268.0
01-4 13 4.3 253.0
01-4 13 4.3 274.0
01-4 13 3.5 262.0
01-4 13 5.2 259.0
01-4 13 7.0 249.0
01-4 13 7.8 240.0
01-4 13 6.1 261.0
01-4 13 7.0 269.0
01-4 13 6.1 249.0
01-4 13 5.2 244.0
01-4 13 6.1 263.0
01-4 13 6.1 250.0
01-4 13 7.8 266.0
01-4 13 7.0 245.0
01-4 13 6.1 256.0
01-4 13 4.3 276.0
01-4 14 6.1 251.0
01-4 14 5.2 247.0
01-4 14 5.2 253.0
01-4 14 5.2 236.0
01-4 14 7.0 262.0
01-4 14 6.1 243.0
01-4 14 7.8 224.0
01-4 14 8.7 236.0
01-4 14 7.0 233.0
01-4 14 6.1 235.0
01-4 14 8.7 235.0
01-4 14 7.8 229.0
01-4 14 6.1 236.0
01-4 14 8.7 247.0
01-4 14 7.0 246.0
01-4 14 7.0 228.0
01-4 14 7.0 216.0
01-4 14 7.8 225.0
01-4 14 7.0 231.0
01-4 14 8.7 241.0
01-4 14 9.6 246.0
01-4 14 7.0 266.0
01-4 14 9.6 236.0
01-4 14 7.0 243.0
01-4 14 8.7 238.0
01-4 14 7.0 245.0
01-4 14 8.7 235.0
01-4 14 9.6 240.0
01-4 14 7.0 268.0
01-4 14 9.6 238.0
01-4 15 10.4 235.0
01-4 15 7.8 223.0
01-4 15 9.6 234.0
01-4 15 11.3 237.0
01-4 15 12.2 243.0
01-4 15 7.8 243.0
01-4 15 6.1 242.0
01-4 15 7.8 224.0
01-4 15 9.6 242.0
01-4 15 10.4 232.0
01-4 15 9.6 228.0
01-4 15 7.0 228.0
01-4 15 10.4 245.0
01-4 15 13.0 234.0
01-4 15 12.2 233.0
01-4 15 9.6 231.0
01-4 15 8.7 245.0
01-4 15 13.0 237.0
01-4 15 9.6 224.0
01-4 15 7.8 242.0
01-4 15 7.8 232.0
01-4 15 9.6 261.0
01-4 15 10.4 247.0
01-4 15 8.7 231.0
01-4 15 12.2 227.0
01-4 15 10.4 251.0
01-4 15 9.6 239.0
01-4 15 11.3 246.0
01-4 15 10.4 246.0
01-4 15 10.4 231.0
01-4 16 7.8 235.0
01-4 16 7.8 238.0
01-4 16 9.6 238.0
01-4 16 9.6 234.0
01-4 16 11.3 241.0
01-4 16 8.7 245.0
01-4 16 10.4 237.0
01-4 16 11.3 248.0
01-4 16 12.2 260.0
01-4 16 6.1 251.0
01-4 16 11.3 251.0
01-4 16 9.6 234.0
01-4 16 8.7 247.0
01-4 16 5.2 245.0
01-4 16 5.2 242.0
01-4 16 7.0 245.0
01-4 16 8.7 251.0
01-4 16 7.0 250.0
01-4 16 7.8 243.0
01-4 16 7.0 247.0
01-4 16 8.7 247.0
01-4 16 5.2 247.0
01-4 16 4.3 262.0
01-4 16 6.1 236.0
01-4 16 5.2 247.0
01-4 16 7.0 264.0
01-4 16 4.3 243.0
01-4 16 5.2 261.0
01-4 16 4.3 256.0
01-4 16 4.3 253.0
01-4 17 5.2 223.0
01-4 17 4.3 239.0
01-4 17 6.1 235.0
01-4 17 4.3 225.0
01-4 17 3.5 231.0
01-4 17 4.3 241.0
01-4 17 3.5 248.0
01-4 17 4.3 236.0
01-4 17 5.2 237.0
01-4 17 4.3 239.0
01-4 17 4.3 243.0
01-4 17 3.5 245.0
01-4 17 5.2 245.0
01-4 17 5.2 246.0
01-4 17 5.2 253.0
01-4 17 5.2 244.0
01-4 17 5.2 226.0
01-4 17 7.0 228.0
01-4 17 6.1 258.0
01-4 17 2.6 263.0
01-4 17 2.6 260.0
01-4 17 5.2 235.0
01-4 17 6.1 239.0
01-4 17 5.2 247.0
01-4 17 4.3 242.0
01-4 17 3.5 257.0
01-4 17 5.2 241.0
01-4 17 2.6 258.0
01-4 17 3.5 252.0
01-4 17 4.3 220.0
01-4 18 2.6 243.0
01-4 18 2.6 220.0
01-4 18 1.7 227.0
01-4 18 3.5 251.0
01-4 18 1.7 245.0
01-4 18 2.6 250.0
01-4 18 2.6 238.0
01-4 18 3.5 232.0
01-4 18 2.6 230.0
01-4 18 3.5 248.0
01-4 18 3.5 237.0
01-4 18 1.7 243.0
01-4 18 3.5 247.0
01-4 18 1.7 237.0
01-4 18 2.6 251.0
01-4 18 4.3 233.0
01-4 18 4.3 231.0
01-4 18 5.2 241.0
01-4 18 6.1 242.0
01-4 18 7.8 229.0
01-4 18 6.1 249.0
01-4 18 5.2 241.0
01-4 18 7.0 241.0
01-4 18 7.0 228.0
01-4 18 8.7 227.0
01-4 18 6.1 238.0
01-4 18 5.2 219.0
01-4 18 6.1 212.0
01-4 18 4.3 238.0
01-4 18 2.6 222.0
01-4 19 4.3 228.0
01-4 19 4.3 210.0
01-4 19 7.0 218.0
01-4 19 7.8 221.0
01-4 19 7.0 235.0
01-4 19 3.5 231.0
01-4 19 4.3 240.0
01-4 19 3.5 213.0
01-4 19 2.6 210.0
01-4 19 3.5 232.0
01-4 19 1.7 214.0
01-4 19 2.6 218.0
01-4 19 2.6 194.0
01-4 19 2.6 206.0
01-4 19 2.6 220.0
01-4 19 3.5 196.0
01-4 19 2.6 200.0
01-4 19 2.6 200.0
01-4 19 0.9 197.0
01-4 19 0.0 199.0
01-4 19 1.7 197.0
01-4 19 1.7 198.0
01-4 19 0.9 198.0
01-4 19 1.7 193.0
01-4 19 1.7 166.0
01-4 19 0.0 166.0
01-4 19 0.9 112.0
01-4 19 2.6 112.0
01-4 19 2.6 111.0
01-4 19 1.7 110.0
01-4 20 0.9 110.0
01-4 20 0.9 110.0
01-4 20 0.0 110.0
01-4 20 0.0 110.0
01-4 20 0.0 110.0
01-4 20 0.0 110.0
01-4 20 0.0 110.0
01-4 20 0.0 110.0
01-4 20 0.0 110.0
01-4 20 2.6 111.0
01-4 20 0.0 111.0
01-4 20 0.9 110.0
01-4 20 0.0 111.0
01-4 20 0.9 111.0
01-4 20 0.0 111.0
01-4 20 0.0 111.0
01-4 20 0.0 111.0
01-4 20 0.0 111.0
01-4 20 1.7 110.0
01-4 20 2.6 111.0
01-4 20 0.9 110.0
01-4 20 0.0 110.0
01-4 20 1.7 114.0
01-4 20 3.5 277.0
01-4 20 0.9 279.0
01-4 20 0.9 280.0
01-4 20 0.0 280.0
01-4 20 0.0 280.0
01-4 20 0.0 280.0
01-4 20 0.0 280.0
01-4 21 0.9 280.0
01-4 21 0.0 280.0
01-4 21 0.9 284.0
01-4 21 2.6 286.0
01-4 21 1.7 39.0
01-4 21 1.7 39.0
01-4 21 1.7 39.0
01-4 21 0.0 39.0
01-4 21 1.7 41.0
01-4 21 1.7 168.0
01-4 21 0.0 168.0
01-4 21 0.0 168.0
01-4 21 2.6 167.0
01-4 21 0.0 77.0
01-4 21 0.0 77.0
01-4 21 0.0 79.0
01-4 21 0.9 81.0
01-4 21 0.0 82.0
01-4 21 4.3 82.0
01-4 21 4.3 82.0
01-4 21 0.9 101.0
01-4 21 3.5 101.0
01-4 21 2.6 102.0
01-4 21 1.7 105.0
01-4 21 0.9 105.0
01-4 21 3.5 119.0
01-4 21 2.6 137.0
01-4 21 0.0 134.0
01-4 21 1.7 133.0
01-4 21 2.6 131.0
01-4 22 2.6 131.0
01-4 22 3.5 108.0
01-4 22 4.3 107.0
01-4 22 2.6 106.0
01-4 22 3.5 106.0
01-4 22 1.7 106.0
01-4 22 1.7 105.0
01-4 22 3.5 106.0
01-4 22 3.5 105.0
01-4 22 3.5 106.0
01-4 22 2.6 106.0
01-4 22 3.5 106.0
01-4 22 3.5 104.0
01-4 22 3.5 102.0
01-4 22 1.7 102.0
01-4 22 1.7 102.0
01-4 22 0.9 102.0
01-4 22 0.9 102.0
01-4 22 0.0 102.0
01-4 22 0.0 102.0
01-4 22 0.0 102.0
01-4 22 1.7 102.0
01-4 22 2.6 102.0
01-4 22 2.6 83.0
01-4 22 3.5 47.0
01-4 22 4.3 13.0
01-4 22 4.3 15.0
01-4 22 5.2 16.0
01-4 22 7.0 12.0
01-4 22 7.8 12.0
01-4 23 7.0 8.0
01-4 23 6.1 20.0
01-4 23 7.8 32.0
01-4 23 5.2 35.0
01-4 23 6.1 43.0
01-4 23 2.6 91.0
01-4 23 3.5 77.0
01-4 23 4.3 80.0
01-4 23 0.0 79.0
01-4 23 1.7 92.0
01-4 23 2.6 136.0
01-4 23 0.9 134.0
01-4 23 0.9 151.0
01-4 23 4.3 126.0
01-4 23 1.7 130.0
01-4 23 0.9 104.0
01-4 23 3.5 102.0
01-4 23 1.7 125.0
01-4 23 0.9 126.0
01-4 23 1.7 125.0
01-4 23 1.7 125.0
01-4 23 0.0 125.0
01-4 23 0.0 125.0
01-4 23 1.7 125.0
01-4 23 0.9 125.0
01-4 23 0.9 125.0
01-4 23 1.7 125.0
01-4 23 3.5 124.0
01-4 23 2.6 114.0
01-4 23 0.0 118.0
