01-5 19 7.8 122.0
01-5 19 7.8 128.0
01-5 19 7.0 154.0
01-5 19 7.8 140.0
01-5 19 11.3 122.0
01-5 19 3.5 359.0
01-5 19 4.3 151.0
01-5 19 7.8 143.0
01-5 19 7.8 120.0
01-5 19 9.6 128.0
01-5 19 8.7 359.0
01-5 19 5.2 128.0
01-5 19 11.3 359.0
01-5 19 7.8 139.0
01-5 19 9.6 103.0
01-5 19 11.3 120.0
01-5 19 3.5 133.0
01-5 19 0.9 165.0
01-5 19 6.1 146.0
01-5 19 0.9 159.0
01-5 20 3.5 359.0
01-5 20 5.2 152.0
01-5 20 1.7 359.0
01-5 20 3.5 359.0
01-5 20 4.3 191.0
01-5 20 2.6 197.0
01-5 20 2.6 172.0
01-5 20 0.0 144.0
01-5 20 4.3 199.0
01-5 20 5.2 157.0
01-5 20 6.1 158.0
01-5 20 5.2 359.0
01-5 20 7.0 146.0
01-5 20 6.1 359.0
01-5 20 4.3 162.0
01-5 20 5.2 182.0
01-5 20 0.9 359.0
01-5 20 5.2 164.0
01-5 20 5.2 143.0
01-5 20 0.9 125.0
01-5 20 2.6 359.0
01-5 20 0.9 158.0
01-5 20 4.3 359.0
01-5 20 3.5 141.0
01-5 20 3.5 139.0
01-5 20 7.0 145.0
01-5 20 9.6 161.0
01-5 20 4.3 359.0
01-5 20 6.1 359.0
01-5 20 6.1 174.0
01-5 21 3.5 158.0
01-5 21 3.5 173.0
01-5 21 4.3 200.0
01-5 21 8.7 359.0
01-5 21 4.3 181.0
01-5 21 1.7 209.0
01-5 21 4.3 188.0
01-5 21 4.3 206.0
01-5 21 2.6 206.0
01-5 21 4.3 359.0
01-5 21 3.5 222.0
01-5 21 5.2 214.0
01-5 21 4.3 187.0
01-5 21 6.1 359.0
01-5 21 5.2 214.0
01-5 21 7.8 359.0
01-5 21 7.8 359.0
01-5 21 4.3 201.0
01-5 21 3.5 359.0
01-5 21 7.8 359.0
01-5 21 7.0 211.0
01-5 21 7.0 215.0
01-5 21 4.3 205.0
01-5 21 6.1 195.0
01-5 21 5.2 359.0
01-5 21 5.2 359.0
01-5 21 4.3 211.0
01-5 21 5.2 196.0
01-5 21 3.5 231.0
01-5 21 4.3 224.0
01-5 22 2.6 359.0
01-5 22 4.3 359.0
01-5 22 7.8 232.0
01-5 22 7.0 359.0
01-5 22 9.6 243.0
01-5 22 13.9 262.0
01-5 22 9.6 276.0
01-5 22 10.4 260.0
01-5 22 9.6 253.0
01-5 22 11.3 258.0
01-5 22 7.0 359.0
01-5 22 8.7 359.0
01-5 22 13.0 237.0
01-5 22 12.2 263.0
01-5 22 6.1 251.0
01-5 22 6.1 245.0
01-5 22 8.7 263.0
01-5 22 10.4 359.0
01-5 22 7.0 255.0
01-5 22 7.8 239.0
01-5 22 8.7 228.0
01-5 22 11.3 256.0
01-5 22 9.6 251.0
01-5 22 7.0 256.0
01-5 22 8.7 359.0
01-5 22 9.6 359.0
01-5 22 15.6 359.0
01-5 22 11.3 249.0
01-5 22 10.4 233.0
01-5 22 12.2 261.0
01-5 23 11.3 359.0
01-5 23 15.6 359.0
01-5 23 10.4 359.0
01-5 23 9.6 264.0
01-5 23 11.3 254.0
01-5 23 8.7 268.0
01-5 23 7.0 359.0
01-5 23 10.4 253.0
01-5 23 13.0 263.0
01-5 23 8.7 262.0
01-5 23 8.7 244.0
01-5 23 7.0 260.0
01-5 23 13.0 247.0
01-5 23 15.6 239.0
01-5 23 12.2 359.0
01-5 23 13.0 236.0
01-5 23 8.7 242.0
01-5 23 13.9 249.0
01-5 23 12.2 359.0
01-5 23 9.6 256.0
01-5 23 6.1 359.0
01-5 23 10.4 359.0
01-5 23 9.6 251.0
01-5 23 7.0 359.0
01-5 23 9.6 262.0
01-5 23 7.8 359.0
01-5 23 7.8 359.0
01-5 23 9.6 255.0
01-5 23 9.6 258.0
01-5 23 7.0 359.0
