02-4 5 5.2 326.0
02-4 5 6.1 331.0
02-4 5 6.1 341.0
02-4 5 4.3 332.0
02-4 5 6.1 349.0
02-4 5 6.1 335.0
02-4 5 5.2 319.0
02-4 5 5.2 316.0
02-4 5 5.2 297.0
02-4 5 6.1 305.0
02-4 5 5.2 308.0
02-4 5 5.2 322.0
02-4 5 4.3 323.0
02-4 5 6.1 310.0
02-4 5 7.0 316.0
02-4 5 6.1 307.0
02-4 5 6.1 335.0
02-4 5 3.5 359.0
02-4 5 7.0 343.0
02-4 5 4.3 318.0
02-4 5 7.0 318.0
02-4 5 4.3 8.0
02-4 5 7.8 305.0
02-4 5 7.8 359.0
02-4 5 7.8 341.0
02-4 5 5.2 354.0
02-4 5 6.1 359.0
02-4 5 6.1 359.0
02-4 5 6.1 324.0
02-4 6 7.0 335.0
02-4 6 5.2 337.0
02-4 6 4.3 322.0
02-4 6 5.2 317.0
02-4 6 4.3 343.0
02-4 6 5.2 318.0
02-4 6 7.0 345.0
02-4 6 3.5 311.0
02-4 6 4.3 322.0
02-4 6 5.2 338.0
02-4 6 3.5 327.0
02-4 6 5.2 339.0
02-4 6 5.2 336.0
02-4 6 6.1 354.0
02-4 6 4.3 359.0
02-4 6 5.2 4.0
02-4 6 4.3 350.0
02-4 6 3.5 320.0
02-4 6 5.2 326.0
02-4 6 6.1 293.0
02-4 6 7.8 295.0
02-4 6 12.2 303.0
02-4 6 8.7 291.0
02-4 6 9.6 321.0
02-4 6 10.4 324.0
02-4 6 7.8 347.0
02-4 6 14.8 342.0
02-4 6 12.2 354.0
02-4 6 9.6 341.0
02-4 6 12.2 330.0
02-4 7 10.4 359.0
02-4 7 7.0 359.0
02-4 7 8.7 359.0
02-4 7 6.1 307.0
02-4 7 7.0 10.0
02-4 7 8.7 4.0
02-4 7 6.1 359.0
02-4 7 6.1 4.0
02-4 7 7.0 27.0
02-4 7 7.0 24.0
02-4 7 5.2 20.0
02-4 7 5.2 20.0
02-4 7 7.8 16.0
02-4 7 7.8 19.0
02-4 7 6.1 359.0
02-4 7 5.2 11.0
02-4 7 5.2 4.0
02-4 7 5.2 12.0
02-4 7 8.7 10.0
02-4 7 4.3 11.0
02-4 7 7.8 359.0
02-4 7 9.6 359.0
02-4 7 9.6 8.0
02-4 7 7.0 359.0
02-4 7 10.4 4.0
02-4 7 8.7 10.0
02-4 7 7.8 18.0
02-4 7 7.8 16.0
02-4 7 5.2 12.0
02-4 7 6.1 354.0
02-4 8 7.0 8.0
02-4 8 3.5 341.0
02-4 8 7.0 346.0
02-4 8 6.1 349.0
02-4 8 7.0 359.0
02-4 8 6.1 12.0
02-4 8 5.2 359.0
02-4 8 4.3 10.0
02-4 8 5.2 8.0
02-4 8 4.3 4.0
02-4 8 5.2 4.0
02-4 8 3.5 25.0
02-4 8 0.0 31.0
02-4 8 1.7 33.0
02-4 8 0.0 33.0
02-4 8 1.7 33.0
02-4 8 2.6 64.0
02-4 8 4.3 94.0
02-4 8 2.6 96.0
02-4 8 1.7 97.0
02-4 8 2.6 97.0
02-4 8 1.7 97.0
02-4 8 0.0 97.0
02-4 8 0.0 97.0
02-4 8 0.0 97.0
02-4 8 0.0 97.0
02-4 8 0.9 97.0
02-4 8 0.9 93.0
02-4 8 0.0 93.0
02-4 8 0.0 93.0
02-4 9 0.0 93.0
02-4 9 0.0 92.0
02-4 9 0.9 345.0
02-4 9 6.1 343.0
02-4 9 5.2 347.0
02-4 9 5.2 342.0
02-4 9 3.5 341.0
02-4 9 3.5 350.0
02-4 9 3.5 359.0
02-4 9 4.3 4.0
02-4 9 3.5 8.0
02-4 9 3.5 13.0
02-4 9 2.6 13.0
02-4 9 0.0 13.0
02-4 9 4.3 290.0
02-4 9 3.5 301.0
02-4 9 5.2 306.0
02-4 9 5.2 345.0
02-4 9 6.1 320.0
02-4 9 5.2 310.0
02-4 9 4.3 348.0
02-4 9 7.0 339.0
02-4 9 4.3 350.0
02-4 9 6.1 316.0
02-4 9 3.5 346.0
02-4 9 4.3 318.0
02-4 9 7.0 309.0
02-4 9 7.0 359.0
02-4 9 8.7 312.0
02-4 9 6.1 293.0
02-4 10 7.0 339.0
02-4 10 7.0 305.0
02-4 10 7.8 330.0
02-4 10 7.8 324.0
02-4 10 8.7 305.0
02-4 10 8.7 286.0
02-4 10 8.7 320.0
02-4 10 10.4 329.0
02-4 10 10.4 311.0
02-4 10 7.8 322.0
02-4 10 7.0 305.0
02-4 10 7.0 311.0
02-4 10 9.6 319.0
02-4 10 6.1 320.0
02-4 10 7.0 316.0
02-4 10 7.8 324.0
02-4 10 7.8 319.0
02-4 10 9.6 308.0
02-4 10 8.7 310.0
02-4 10 8.7 298.0
02-4 10 5.2 12.0
02-4 10 7.8 323.0
02-4 10 7.0 315.0
02-4 10 7.0 337.0
02-4 10 7.0 329.0
02-4 10 7.8 322.0
02-4 10 6.1 314.0
02-4 10 4.3 335.0
02-4 10 7.0 321.0
02-4 10 8.7 319.0
02-4 11 8.7 305.0
02-4 11 6.1 359.0
02-4 11 5.2 316.0
02-4 11 5.2 341.0
02-4 11 7.0 320.0
02-4 11 7.0 320.0
02-4 11 6.1 300.0
02-4 11 3.5 299.0
02-4 11 4.3 290.0
02-4 11 6.1 307.0
02-4 11 3.5 359.0
02-4 11 4.3 313.0
02-4 11 7.0 290.0
02-4 11 8.7 305.0
02-4 11 6.1 302.0
02-4 11 7.0 308.0
02-4 11 6.1 322.0
02-4 11 5.2 316.0
02-4 11 3.5 287.0
02-4 11 8.7 318.0
02-4 11 6.1 315.0
02-4 11 8.7 303.0
02-4 11 7.8 349.0
02-4 11 7.8 329.0
02-4 11 7.0 296.0
02-4 11 7.0 312.0
02-4 11 6.1 299.0
02-4 11 6.1 301.0
02-4 11 7.0 314.0
02-4 11 8.7 339.0
02-4 12 6.1 334.0
02-4 12 7.0 323.0
02-4 12 7.0 332.0
02-4 12 7.8 310.0
02-4 12 6.1 314.0
02-4 12 7.0 359.0
02-4 12 7.0 316.0
02-4 12 3.5 318.0
02-4 12 5.2 343.0
02-4 12 5.2 323.0
02-4 12 5.2 319.0
02-4 12 6.1 291.0
02-4 12 4.3 316.0
02-4 12 6.1 318.0
02-4 12 6.1 312.0
02-4 12 4.3 317.0
02-4 12 2.6 339.0
02-4 12 6.1 350.0
02-4 12 4.3 349.0
02-4 12 4.3 326.0
02-4 12 3.5 345.0
02-4 12 5.2 23.0
02-4 12 4.3 289.0
02-4 12 2.6 17.0
02-4 12 4.3 335.0
02-4 12 5.2 335.0
02-4 12 5.2 314.0
02-4 12 3.5 303.0
02-4 12 4.3 327.0
02-4 12 3.5 343.0
02-4 13 6.1 334.0
02-4 13 5.2 324.0
02-4 13 5.2 334.0
02-4 13 6.1 19.0
02-4 13 6.1 321.0
02-4 13 7.0 328.0
02-4 13 5.2 314.0
02-4 13 4.3 337.0
02-4 13 4.3 333.0
02-4 13 4.3 321.0
02-4 13 3.5 315.0
02-4 13 2.6 333.0
02-4 13 5.2 327.0
02-4 13 6.1 320.0
02-4 13 7.0 317.0
02-4 13 6.1 304.0
02-4 13 6.1 304.0
02-4 13 4.3 301.0
02-4 13 5.2 313.0
02-4 13 5.2 312.0
02-4 13 6.1 308.0
02-4 13 6.1 314.0
02-4 13 4.3 308.0
02-4 13 6.1 298.0
02-4 13 5.2 303.0
02-4 13 3.5 278.0
02-4 13 5.2 287.0
02-4 13 4.3 289.0
02-4 13 3.5 280.0
02-4 13 4.3 281.0
02-4 14 4.3 281.0
02-4 14 3.5 276.0
02-4 14 2.6 279.0
02-4 14 3.5 288.0
02-4 14 4.3 283.0
02-4 14 3.5 287.0
02-4 14 6.1 269.0
02-4 14 6.1 247.0
02-4 14 4.3 259.0
02-4 14 4.3 243.0
02-4 14 5.2 245.0
02-4 14 6.1 235.0
02-4 14 7.0 237.0
02-4 14 7.8 229.0
02-4 14 5.2 260.0
02-4 14 6.1 262.0
02-4 14 6.1 231.0
02-4 14 8.7 239.0
02-4 14 3.5 249.0
02-4 14 7.8 256.0
02-4 14 11.3 229.0
02-4 14 8.7 245.0
02-4 14 13.9 236.0
02-4 14 13.9 239.0
02-4 14 10.4 221.0
02-4 14 12.2 239.0
02-4 14 9.6 226.0
02-4 14 9.6 249.0
02-4 14 14.8 226.0
02-4 14 16.5 227.0
02-4 15 11.3 222.0
02-4 15 10.4 233.0
02-4 15 10.4 233.0
02-4 15 5.2 249.0
02-4 15 11.3 222.0
02-4 15 11.3 216.0
02-4 15 6.1 232.0
02-4 15 10.4 214.0
02-4 15 13.9 211.0
02-4 15 9.6 243.0
02-4 15 6.1 209.0
02-4 15 11.3 240.0
02-4 15 12.2 233.0
02-4 15 7.8 231.0
02-4 15 8.7 233.0
02-4 15 6.1 249.0
02-4 15 9.6 225.0
02-4 15 5.2 216.0
02-4 15 7.0 247.0
02-4 15 11.3 220.0
02-4 15 5.2 225.0
02-4 15 10.4 244.0
02-4 15 4.3 223.0
02-4 15 10.4 226.0
02-4 15 10.4 241.0
02-4 15 7.8 224.0
02-4 15 10.4 222.0
02-4 15 10.4 231.0
02-4 15 9.6 232.0
02-4 15 8.7 237.0
02-4 16 11.3 239.0
02-4 16 7.8 247.0
02-4 16 9.6 253.0
02-4 16 11.3 235.0
02-4 16 8.7 237.0
02-4 16 7.0 238.0
02-4 16 11.3 226.0
02-4 16 13.0 228.0
02-4 16 10.4 232.0
02-4 16 8.7 247.0
02-4 16 10.4 230.0
02-4 16 11.3 245.0
02-4 16 12.2 237.0
02-4 16 11.3 239.0
02-4 16 9.6 237.0
02-4 16 9.6 246.0
02-4 16 7.0 252.0
02-4 16 8.7 228.0
02-4 16 9.6 255.0
02-4 16 7.0 251.0
02-4 16 9.6 239.0
02-4 16 8.7 238.0
02-4 16 6.1 234.0
02-4 16 11.3 248.0
02-4 16 11.3 251.0
02-4 16 10.4 220.0
02-4 16 8.7 231.0
02-4 16 8.7 228.0
02-4 16 8.7 217.0
02-4 16 9.6 238.0
02-4 17 7.0 237.0
02-4 17 10.4 227.0
02-4 17 6.1 233.0
02-4 17 7.0 235.0
02-4 17 7.0 235.0
02-4 17 7.0 244.0
02-4 17 11.3 215.0
02-4 17 9.6 224.0
02-4 17 9.6 231.0
02-4 17 8.7 233.0
02-4 17 8.7 227.0
02-4 17 10.4 235.0
02-4 17 8.7 232.0
02-4 17 7.0 219.0
02-4 17 7.8 246.0
02-4 17 12.2 232.0
02-4 17 7.0 226.0
02-4 17 8.7 228.0
02-4 17 6.1 217.0
02-4 17 7.8 204.0
02-4 17 6.1 204.0
02-4 17 9.6 220.0
02-4 17 9.6 243.0
02-4 17 5.2 224.0
02-4 17 9.6 222.0
02-4 17 9.6 218.0
02-4 17 6.1 229.0
02-4 17 6.1 212.0
02-4 17 7.8 229.0
02-4 17 3.5 234.0
02-4 18 5.2 214.0
02-4 18 5.2 229.0
02-4 18 6.1 235.0
02-4 18 5.2 228.0
02-4 18 7.0 226.0
02-4 18 6.1 228.0
02-4 18 4.3 243.0
02-4 18 6.1 237.0
02-4 18 4.3 228.0
02-4 18 6.1 244.0
02-4 18 5.2 235.0
02-4 18 6.1 248.0
02-4 18 6.1 251.0
02-4 18 5.2 241.0
02-4 18 3.5 239.0
02-4 18 3.5 244.0
02-4 18 4.3 253.0
02-4 18 4.3 252.0
02-4 18 5.2 256.0
02-4 18 3.5 268.0
02-4 18 2.6 277.0
02-4 18 5.2 291.0
02-4 18 4.3 309.0
02-4 18 4.3 302.0
02-4 18 5.2 316.0
02-4 18 3.5 308.0
02-4 18 4.3 289.0
02-4 18 5.2 297.0
02-4 18 4.3 274.0
02-4 18 2.6 267.0
02-4 19 5.2 283.0
02-4 19 4.3 266.0
02-4 19 5.2 267.0
02-4 19 6.1 265.0
02-4 19 4.3 272.0
02-4 19 6.1 261.0
02-4 19 6.1 253.0
02-4 19 6.1 241.0
02-4 19 6.1 263.0
02-4 19 7.0 239.0
02-4 19 4.3 249.0
02-4 19 4.3 249.0
02-4 19 5.2 254.0
02-4 19 3.5 257.0
02-4 19 5.2 245.0
02-4 19 4.3 256.0
02-4 19 7.0 237.0
02-4 19 5.2 243.0
02-4 19 4.3 248.0
02-4 19 3.5 262.0
02-4 19 4.3 241.0
02-4 19 3.5 272.0
02-4 19 3.5 271.0
02-4 19 1.7 271.0
02-4 19 3.5 272.0
02-4 19 3.5 226.0
02-4 19 5.2 222.0
02-4 19 4.3 194.0
02-4 19 1.7 190.0
02-4 19 0.9 190.0
02-4 20 0.9 192.0
02-4 20 2.6 192.0
02-4 20 0.9 193.0
02-4 20 1.7 193.0
02-4 20 1.7 193.0
02-4 20 0.9 193.0
02-4 20 0.9 193.0
02-4 20 0.0 193.0
02-4 20 0.0 193.0
02-4 20 0.0 193.0
02-4 20 0.9 193.0
02-4 20 0.9 193.0
02-4 20 0.0 193.0
02-4 20 1.7 193.0
02-4 20 1.7 193.0
02-4 20 1.7 193.0
02-4 20 0.9 193.0
02-4 20 2.6 193.0
02-4 20 2.6 193.0
02-4 20 0.9 193.0
02-4 20 2.6 193.0
02-4 20 0.9 193.0
02-4 20 0.9 193.0
02-4 20 0.9 193.0
02-4 20 2.6 192.0
02-4 20 1.7 166.0
02-4 20 3.5 157.0
02-4 20 2.6 157.0
02-4 20 3.5 108.0
02-4 20 0.9 122.0
02-4 21 1.7 113.0
02-4 21 0.9 114.0
02-4 21 2.6 151.0
02-4 21 2.6 127.0
02-4 21 0.0 128.0
02-4 21 0.9 127.0
02-4 21 0.0 127.0
02-4 21 0.0 127.0
02-4 21 0.0 127.0
02-4 21 0.9 128.0
02-4 21 0.0 127.0
02-4 21 0.0 128.0
02-4 21 0.0 127.0
02-4 21 0.0 128.0
02-4 21 0.0 128.0
02-4 21 0.0 127.0
02-4 21 0.0 127.0
02-4 21 0.0 127.0
02-4 21 2.6 128.0
02-4 21 2.6 158.0
02-4 21 1.7 167.0
02-4 21 2.6 136.0
02-4 21 3.5 114.0
02-4 21 0.9 192.0
02-4 21 4.3 165.0
02-4 21 0.9 139.0
02-4 21 3.5 155.0
02-4 21 2.6 123.0
02-4 21 1.7 124.0
02-4 21 3.5 127.0
02-4 22 3.5 154.0
02-4 22 3.5 106.0
02-4 22 3.5 113.0
02-4 22 4.3 109.0
02-4 22 4.3 106.0
02-4 22 0.9 116.0
02-4 22 0.9 116.0
02-4 22 2.6 118.0
02-4 22 4.3 96.0
02-4 22 3.5 101.0
02-4 22 2.6 117.0
02-4 22 3.5 116.0
02-4 22 3.5 117.0
02-4 22 1.7 118.0
02-4 22 3.5 135.0
02-4 22 5.2 100.0
02-4 22 7.0 94.0
02-4 22 6.1 106.0
02-4 22 4.3 110.0
02-4 22 6.1 116.0
02-4 22 4.3 108.0
02-4 22 4.3 118.0
02-4 22 5.2 125.0
02-4 22 4.3 145.0
02-4 22 4.3 104.0
02-4 22 0.9 157.0
02-4 22 4.3 119.0
02-4 22 2.6 117.0
02-4 22 3.5 112.0
02-4 22 2.6 111.0
02-4 23 4.3 105.0
02-4 23 1.7 106.0
02-4 23 0.9 104.0
02-4 23 7.8 107.0
02-4 23 0.9 147.0
02-4 23 1.7 147.0
02-4 23 0.9 147.0
02-4 23 1.7 97.0
02-4 23 0.0 97.0
02-4 23 0.0 97.0
02-4 23 2.6 159.0
02-4 23 2.6 181.0
02-4 23 2.6 181.0
02-4 23 4.3 156.0
02-4 23 7.0 101.0
02-4 23 1.7 54.0
02-4 23 2.6 98.0
02-4 23 7.0 141.0
02-4 23 1.7 162.0
02-4 23 6.1 171.0
02-4 23 1.7 110.0
02-4 23 4.3 160.0
02-4 23 3.5 152.0
02-4 23 4.3 162.0
02-4 23 2.6 174.0
02-4 23 3.5 137.0
02-4 23 7.0 183.0
02-4 23 3.5 175.0
02-4 23 6.1 137.0
02-4 23 0.9 90.0
