02-5 5 11.3 283.0
02-5 5 12.2 272.0
02-5 5 14.8 250.0
02-5 5 12.2 273.0
02-5 5 13.0 271.0
02-5 5 8.7 266.0
02-5 5 9.6 268.0
02-5 5 9.6 359.0
02-5 5 11.3 274.0
02-5 5 13.0 270.0
02-5 5 12.2 359.0
02-5 5 13.0 359.0
02-5 5 10.4 359.0
02-5 5 13.9 271.0
02-5 5 11.3 291.0
02-5 5 11.3 284.0
02-5 5 9.6 276.0
02-5 5 12.2 359.0
02-5 5 12.2 278.0
02-5 5 8.7 283.0
02-5 5 7.0 294.0
02-5 5 7.8 274.0
02-5 5 9.6 280.0
02-5 5 8.7 291.0
02-5 5 12.2 359.0
02-5 5 9.6 359.0
02-5 5 10.4 277.0
02-5 5 10.4 359.0
02-5 5 10.4 279.0
02-5 5 7.8 269.0
02-5 6 12.2 276.0
02-5 6 10.4 359.0
02-5 6 13.0 283.0
02-5 6 13.9 293.0
02-5 6 11.3 359.0
02-5 6 11.3 288.0
02-5 6 13.0 359.0
02-5 6 13.9 279.0
02-5 6 16.5 274.0
02-5 6 13.9 273.0
02-5 6 12.2 296.0
02-5 6 11.3 359.0
02-5 6 13.0 359.0
02-5 6 11.3 359.0
02-5 6 11.3 288.0
02-5 6 7.8 359.0
02-5 6 9.6 359.0
02-5 6 9.6 359.0
02-5 6 8.7 320.0
02-5 6 10.4 317.0
02-5 6 7.8 359.0
02-5 6 10.4 303.0
02-5 6 9.6 306.0
02-5 6 10.4 311.0
02-5 6 7.8 287.0
02-5 6 7.8 297.0
02-5 6 12.2 359.0
02-5 6 8.7 290.0
02-5 6 8.7 297.0
02-5 6 10.4 291.0
02-5 7 9.6 359.0
02-5 7 10.4 287.0
02-5 7 11.3 315.0
02-5 7 10.4 359.0
02-5 7 10.4 359.0
02-5 7 8.7 283.0
02-5 7 10.4 285.0
02-5 7 11.3 276.0
02-5 7 8.7 300.0
02-5 7 7.8 279.0
02-5 7 8.7 306.0
02-5 7 10.4 287.0
02-5 7 10.4 291.0
02-5 7 5.2 266.0
02-5 7 9.6 300.0
02-5 7 7.8 304.0
02-5 7 9.6 293.0
02-5 7 9.6 291.0
02-5 7 7.0 359.0
02-5 7 7.8 314.0
02-5 7 7.0 359.0
02-5 7 6.1 288.0
02-5 7 8.7 310.0
02-5 7 6.1 297.0
02-5 7 5.2 308.0
02-5 7 5.2 359.0
02-5 7 4.3 325.0
02-5 7 5.2 283.0
02-5 7 5.2 293.0
02-5 7 5.2 284.0
02-5 8 3.5 300.0
02-5 8 6.1 297.0
02-5 8 6.1 278.0
02-5 8 4.3 297.0
02-5 8 3.5 307.0
02-5 8 5.2 359.0
02-5 8 3.5 312.0
02-5 8 4.3 293.0
02-5 8 4.3 335.0
02-5 8 4.3 296.0
02-5 8 5.2 283.0
02-5 8 2.6 359.0
02-5 8 7.8 294.0
02-5 8 6.1 274.0
02-5 8 4.3 297.0
02-5 8 7.0 303.0
02-5 8 7.0 304.0
02-5 8 5.2 306.0
02-5 8 4.3 320.0
02-5 8 2.6 359.0
02-5 8 6.1 359.0
02-5 8 4.3 359.0
02-5 8 4.3 311.0
02-5 8 2.6 335.0
02-5 8 5.2 359.0
02-5 8 2.6 302.0
02-5 8 4.3 359.0
02-5 8 5.2 291.0
02-5 8 4.3 359.0
02-5 8 2.6 312.0
02-5 9 2.6 310.0
02-5 9 3.5 359.0
02-5 9 5.2 359.0
02-5 9 2.6 320.0
02-5 9 4.3 290.0
02-5 9 3.5 288.0
02-5 9 4.3 285.0
02-5 9 6.1 285.0
02-5 9 6.1 278.0
02-5 9 5.2 291.0
02-5 9 7.8 359.0
02-5 9 7.0 294.0
02-5 9 6.1 359.0
02-5 9 6.1 301.0
02-5 9 8.7 296.0
02-5 9 9.6 286.0
02-5 9 9.6 282.0
02-5 9 7.0 359.0
02-5 9 10.4 293.0
02-5 9 9.6 297.0
02-5 9 8.7 301.0
02-5 9 7.8 359.0
02-5 9 12.2 299.0
02-5 9 10.4 301.0
02-5 9 8.7 283.0
02-5 9 15.6 359.0
02-5 9 12.2 291.0
02-5 9 13.0 359.0
02-5 9 13.9 282.0
02-5 9 13.9 280.0
02-5 10 12.2 359.0
02-5 10 13.9 274.0
02-5 10 13.9 359.0
02-5 10 13.0 359.0
02-5 10 10.4 262.0
02-5 10 10.4 359.0
02-5 10 13.9 278.0
02-5 10 11.3 285.0
02-5 10 11.3 297.0
02-5 10 13.9 359.0
02-5 10 14.8 303.0
02-5 10 13.9 285.0
02-5 10 13.0 291.0
02-5 10 15.6 305.0
02-5 10 14.8 297.0
02-5 10 12.2 291.0
02-5 10 11.3 290.0
02-5 10 13.0 359.0
02-5 10 12.2 293.0
02-5 10 13.0 359.0
02-5 10 15.6 286.0
02-5 10 12.2 359.0
02-5 10 13.0 359.0
02-5 10 14.8 288.0
02-5 10 14.8 273.0
02-5 10 13.9 280.0
02-5 10 14.8 359.0
02-5 10 14.8 284.0
02-5 10 13.9 300.0
02-5 10 14.8 291.0
02-5 11 13.9 292.0
02-5 11 15.6 301.0
02-5 11 12.2 292.0
02-5 11 13.9 290.0
02-5 11 13.0 306.0
02-5 11 10.4 288.0
02-5 11 15.6 359.0
02-5 11 13.9 268.0
02-5 11 13.9 359.0
02-5 11 18.2 280.0
02-5 11 16.5 359.0
02-5 11 18.2 283.0
02-5 11 17.4 288.0
02-5 11 15.6 359.0
02-5 11 16.5 359.0
02-5 11 15.6 291.0
02-5 11 18.2 289.0
02-5 11 16.5 359.0
02-5 11 17.4 274.0
02-5 11 16.5 285.0
02-5 11 18.2 288.0
02-5 11 15.6 288.0
02-5 11 15.6 293.0
02-5 11 16.5 289.0
02-5 11 20.0 283.0
02-5 11 13.9 302.0
02-5 11 14.8 293.0
02-5 11 14.8 268.0
02-5 11 20.0 270.0
02-5 11 17.4 359.0
02-5 12 16.5 359.0
02-5 12 15.6 359.0
02-5 12 20.0 272.0
02-5 12 22.6 282.0
02-5 12 20.0 292.0
02-5 12 20.9 359.0
02-5 12 18.2 283.0
02-5 12 19.1 283.0
02-5 12 16.5 272.0
02-5 12 17.4 359.0
02-5 12 20.9 289.0
02-5 12 20.9 285.0
02-5 12 21.7 268.0
02-5 12 18.2 285.0
02-5 12 16.5 272.0
02-5 12 17.4 287.0
02-5 12 17.4 275.0
02-5 12 18.2 272.0
02-5 12 21.7 359.0
02-5 12 23.5 359.0
02-5 12 21.7 359.0
02-5 12 14.8 292.0
02-5 12 20.9 277.0
02-5 12 17.4 285.0
02-5 12 19.1 359.0
02-5 12 20.9 280.0
02-5 12 20.0 283.0
02-5 12 13.9 359.0
02-5 12 13.0 359.0
02-5 12 18.2 359.0
02-5 13 20.0 280.0
02-5 13 15.6 280.0
02-5 13 18.2 359.0
02-5 13 15.6 359.0
02-5 13 15.6 268.0
02-5 13 18.2 274.0
02-5 13 20.9 267.0
02-5 13 15.6 295.0
02-5 13 17.4 276.0
02-5 13 20.0 278.0
02-5 13 20.9 257.0
02-5 13 19.1 359.0
02-5 13 20.9 291.0
02-5 13 14.8 259.0
02-5 13 16.5 280.0
02-5 13 20.9 359.0
02-5 13 21.7 359.0
02-5 13 18.2 359.0
02-5 13 12.2 285.0
02-5 13 19.1 359.0
02-5 13 17.4 286.0
02-5 13 19.1 283.0
02-5 13 21.7 271.0
02-5 13 20.0 294.0
02-5 13 22.6 359.0
02-5 13 20.9 280.0
02-5 13 21.7 268.0
02-5 13 20.9 295.0
02-5 13 20.0 282.0
02-5 13 20.0 359.0
02-5 14 20.0 269.0
02-5 14 12.2 359.0
02-5 14 22.6 294.0
02-5 14 16.5 359.0
02-5 14 13.9 297.0
02-5 14 16.5 249.0
02-5 14 14.8 359.0
02-5 14 18.2 359.0
02-5 14 18.2 359.0
02-5 14 20.0 276.0
02-5 14 15.6 289.0
02-5 14 17.4 359.0
02-5 14 20.9 287.0
02-5 14 21.7 284.0
02-5 14 16.5 359.0
02-5 14 18.2 359.0
02-5 14 19.1 359.0
02-5 14 15.6 359.0
02-5 14 12.2 294.0
02-5 14 20.0 359.0
02-5 14 14.8 284.0
02-5 14 16.5 359.0
02-5 14 16.5 291.0
02-5 14 19.1 359.0
02-5 14 15.6 359.0
02-5 14 13.0 266.0
02-5 14 18.2 289.0
02-5 14 18.2 359.0
02-5 14 17.4 293.0
02-5 14 20.0 359.0
02-5 15 14.8 276.0
02-5 15 19.1 359.0
02-5 15 25.2 287.0
02-5 15 22.6 359.0
02-5 15 20.0 285.0
02-5 15 17.4 359.0
02-5 15 18.2 280.0
02-5 15 18.2 276.0
02-5 15 23.5 359.0
02-5 15 19.1 359.0
02-5 15 20.9 359.0
02-5 15 19.1 290.0
02-5 15 19.1 299.0
02-5 15 20.9 359.0
02-5 15 19.1 245.0
02-5 15 15.6 359.0
02-5 15 15.6 359.0
02-5 15 19.1 359.0
02-5 15 16.5 359.0
02-5 15 16.5 282.0
02-5 15 15.6 359.0
02-5 15 16.5 294.0
02-5 15 17.4 285.0
02-5 15 17.4 359.0
02-5 15 13.9 283.0
02-5 15 13.0 298.0
02-5 15 17.4 359.0
02-5 15 21.7 359.0
02-5 15 18.2 278.0
02-5 15 20.0 290.0
02-5 16 19.1 359.0
02-5 16 16.5 359.0
02-5 16 18.2 274.0
02-5 16 18.2 280.0
02-5 16 15.6 303.0
02-5 16 14.8 278.0
02-5 16 17.4 266.0
02-5 16 20.0 291.0
02-5 16 13.9 276.0
02-5 16 14.8 286.0
02-5 16 16.5 291.0
02-5 16 19.1 359.0
02-5 16 17.4 284.0
02-5 16 18.2 288.0
02-5 16 16.5 286.0
02-5 16 18.2 288.0
02-5 16 14.8 285.0
02-5 16 15.6 294.0
02-5 16 19.1 359.0
02-5 16 14.8 290.0
02-5 16 18.2 359.0
02-5 16 17.4 359.0
02-5 16 16.5 274.0
02-5 16 20.9 283.0
02-5 16 20.0 271.0
02-5 16 20.9 275.0
02-5 16 16.5 295.0
02-5 16 22.6 287.0
02-5 16 16.5 359.0
02-5 16 21.7 279.0
02-5 17 20.0 285.0
02-5 17 18.2 293.0
02-5 17 14.8 274.0
02-5 17 14.8 276.0
02-5 17 20.9 359.0
02-5 17 19.1 359.0
02-5 17 18.2 267.0
02-5 17 22.6 285.0
02-5 17 20.0 359.0
02-5 17 16.5 359.0
02-5 17 16.5 275.0
02-5 17 14.8 269.0
02-5 17 15.6 359.0
02-5 17 15.6 359.0
02-5 17 15.6 294.0
02-5 17 13.9 359.0
02-5 17 14.8 293.0
02-5 17 13.9 248.0
02-5 17 16.5 279.0
02-5 17 16.5 298.0
02-5 17 14.8 305.0
02-5 17 14.8 291.0
02-5 17 13.0 289.0
02-5 17 13.0 359.0
02-5 17 16.5 282.0
02-5 17 13.9 278.0
02-5 17 14.8 359.0
02-5 17 16.5 359.0
02-5 17 16.5 274.0
02-5 17 14.8 278.0
02-5 18 13.9 274.0
02-5 18 15.6 280.0
02-5 18 18.2 359.0
02-5 18 14.8 359.0
02-5 18 16.5 359.0
02-5 18 15.6 359.0
02-5 18 13.9 289.0
02-5 18 13.0 359.0
02-5 18 14.8 287.0
02-5 18 16.5 276.0
02-5 18 13.9 281.0
02-5 18 18.2 359.0
02-5 18 13.0 359.0
02-5 18 17.4 359.0
02-5 18 14.8 282.0
02-5 18 19.1 287.0
02-5 18 16.5 359.0
02-5 18 14.8 311.0
02-5 18 16.5 284.0
02-5 18 15.6 281.0
02-5 18 15.6 285.0
02-5 18 19.1 278.0
02-5 18 17.4 291.0
02-5 18 18.2 265.0
02-5 18 20.0 359.0
02-5 18 15.6 359.0
02-5 18 16.5 359.0
02-5 18 13.0 359.0
02-5 18 14.8 287.0
02-5 18 12.2 296.0
02-5 19 13.9 286.0
02-5 19 11.3 285.0
02-5 19 12.2 290.0
02-5 19 14.8 292.0
02-5 19 13.9 289.0
02-5 19 13.0 294.0
02-5 19 14.8 287.0
02-5 19 14.8 287.0
02-5 19 14.8 359.0
02-5 19 13.0 295.0
02-5 19 15.6 283.0
02-5 19 13.9 359.0
02-5 19 16.5 273.0
02-5 19 12.2 286.0
02-5 19 14.8 359.0
02-5 19 17.4 359.0
02-5 19 13.9 272.0
02-5 19 15.6 288.0
02-5 19 13.0 359.0
02-5 19 14.8 359.0
02-5 19 13.9 359.0
02-5 19 17.4 280.0
02-5 19 15.6 289.0
02-5 19 13.0 359.0
02-5 19 14.8 274.0
02-5 19 16.5 279.0
02-5 19 13.9 359.0
02-5 19 16.5 276.0
02-5 19 20.0 359.0
02-5 19 21.7 278.0
02-5 20 18.2 359.0
02-5 20 20.0 276.0
02-5 20 14.8 290.0
02-5 20 14.8 268.0
02-5 20 18.2 276.0
02-5 20 15.6 359.0
02-5 20 18.2 285.0
02-5 20 21.7 359.0
02-5 20 18.2 282.0
02-5 20 14.8 281.0
02-5 20 19.1 280.0
02-5 20 13.9 359.0
02-5 20 23.5 277.0
02-5 20 17.4 306.0
02-5 20 20.0 273.0
02-5 20 17.4 296.0
02-5 20 23.5 275.0
02-5 20 14.8 284.0
02-5 20 17.4 359.0
02-5 20 22.6 299.0
02-5 20 21.7 297.0
02-5 20 14.8 296.0
02-5 20 18.2 359.0
02-5 20 20.0 359.0
02-5 20 13.9 287.0
02-5 20 20.9 359.0
02-5 20 16.5 274.0
02-5 20 19.1 273.0
02-5 20 14.8 301.0
02-5 20 19.1 359.0
02-5 21 17.4 359.0
02-5 21 15.6 283.0
02-5 21 17.4 278.0
02-5 21 14.8 359.0
02-5 21 19.1 296.0
02-5 21 20.9 291.0
02-5 21 14.8 289.0
02-5 21 20.0 359.0
02-5 21 20.0 359.0
02-5 21 15.6 310.0
02-5 21 18.2 359.0
02-5 21 17.4 359.0
02-5 21 16.5 359.0
02-5 21 17.4 359.0
02-5 21 18.2 287.0
02-5 21 20.0 278.0
02-5 21 19.1 359.0
02-5 21 17.4 297.0
02-5 21 17.4 291.0
02-5 21 16.5 277.0
02-5 21 11.3 359.0
02-5 21 16.5 359.0
02-5 21 20.0 359.0
02-5 21 20.9 359.0
02-5 21 17.4 285.0
02-5 21 19.1 359.0
02-5 21 13.9 311.0
02-5 21 15.6 282.0
02-5 21 18.2 295.0
02-5 21 19.1 296.0
02-5 22 20.0 295.0
02-5 22 17.4 359.0
02-5 22 18.2 359.0
02-5 22 16.5 359.0
02-5 22 12.2 291.0
02-5 22 13.9 294.0
02-5 22 18.2 359.0
02-5 22 13.0 300.0
02-5 22 13.9 301.0
02-5 22 13.9 281.0
02-5 22 16.5 359.0
02-5 22 13.0 285.0
02-5 22 17.4 359.0
02-5 22 17.4 359.0
02-5 22 13.0 293.0
02-5 22 17.4 359.0
02-5 22 13.9 359.0
02-5 22 9.6 334.0
02-5 22 18.2 286.0
02-5 22 13.0 359.0
02-5 22 15.6 297.0
02-5 22 13.0 315.0
02-5 22 15.6 359.0
02-5 22 12.2 305.0
02-5 22 12.2 359.0
02-5 22 13.9 359.0
02-5 22 10.4 359.0
02-5 22 9.6 359.0
02-5 22 14.8 318.0
02-5 22 13.9 309.0
02-5 23 13.9 305.0
02-5 23 11.3 359.0
02-5 23 13.9 316.0
02-5 23 12.2 359.0
02-5 23 12.2 295.0
02-5 23 12.2 312.0
02-5 23 13.9 303.0
02-5 23 14.8 313.0
02-5 23 15.6 359.0
02-5 23 10.4 306.0
02-5 23 11.3 311.0
02-5 23 14.8 324.0
02-5 23 10.4 322.0
02-5 23 14.8 308.0
02-5 23 13.9 287.0
02-5 23 11.3 359.0
02-5 23 13.9 359.0
02-5 23 11.3 321.0
02-5 23 11.3 359.0
02-5 23 15.6 359.0
02-5 23 13.0 308.0
02-5 23 15.6 306.0
02-5 23 13.0 359.0
02-5 23 14.8 300.0
02-5 23 13.0 339.0
02-5 23 12.2 339.0
02-5 23 9.6 359.0
02-5 23 9.6 4.0
02-5 23 15.6 329.0
02-5 23 13.9 303.0
