03-4 5 7.8 160.0
03-4 5 5.2 161.0
03-4 5 7.0 143.0
03-4 5 8.7 94.0
03-4 5 8.7 138.0
03-4 5 1.7 157.0
03-4 5 1.7 172.0
03-4 5 5.2 191.0
03-4 5 3.5 181.0
03-4 5 1.7 153.0
03-4 5 2.6 81.0
03-4 5 2.6 161.0
03-4 5 4.3 110.0
03-4 5 4.3 118.0
03-4 5 6.1 90.0
03-4 5 0.0 168.0
03-4 5 1.7 108.0
03-4 5 1.7 101.0
03-4 5 3.5 122.0
03-4 5 1.7 166.0
03-4 5 1.7 156.0
03-4 5 0.0 156.0
03-4 5 5.2 89.0
03-4 5 0.9 147.0
03-4 5 3.5 143.0
03-4 5 1.7 100.0
03-4 5 1.7 160.0
03-4 5 3.5 106.0
03-4 5 3.5 177.0
03-4 5 0.0 188.0
03-4 6 0.0 187.0
03-4 6 4.3 97.0
03-4 6 7.0 152.0
03-4 6 2.6 130.0
03-4 6 1.7 111.0
03-4 6 7.0 159.0
03-4 6 2.6 119.0
03-4 6 2.6 168.0
03-4 6 7.0 143.0
03-4 6 0.0 168.0
03-4 6 3.5 138.0
03-4 6 2.6 95.0
03-4 6 4.3 120.0
03-4 6 6.1 112.0
03-4 6 4.3 171.0
03-4 6 7.8 100.0
03-4 6 7.8 110.0
03-4 6 4.3 132.0
03-4 6 7.0 102.0
03-4 6 6.1 144.0
03-4 6 7.8 126.0
03-4 6 5.2 125.0
03-4 6 8.7 137.0
03-4 6 7.8 129.0
03-4 6 4.3 130.0
03-4 6 4.3 108.0
03-4 6 4.3 127.0
03-4 6 7.8 102.0
03-4 6 3.5 179.0
03-4 6 1.7 139.0
03-4 7 2.6 117.0
03-4 7 0.9 139.0
03-4 7 2.6 115.0
03-4 7 2.6 154.0
03-4 7 4.3 155.0
03-4 7 3.5 150.0
03-4 7 4.3 153.0
03-4 7 12.2 112.0
03-4 7 6.1 127.0
03-4 7 3.5 147.0
03-4 7 4.3 107.0
03-4 7 6.1 114.0
03-4 7 5.2 132.0
03-4 7 4.3 104.0
03-4 7 6.1 97.0
03-4 7 5.2 124.0
03-4 7 5.2 90.0
03-4 7 4.3 78.0
03-4 7 0.9 98.0
03-4 7 3.5 108.0
03-4 7 6.1 104.0
03-4 7 1.7 126.0
03-4 7 0.9 115.0
03-4 7 0.9 115.0
03-4 7 0.0 100.0
03-4 7 0.9 100.0
03-4 7 1.7 100.0
03-4 7 0.0 99.0
03-4 7 2.6 97.0
03-4 7 2.6 99.0
03-4 8 1.7 99.0
03-4 8 1.7 101.0
03-4 8 0.9 102.0
03-4 8 0.0 101.0
03-4 8 0.0 102.0
03-4 8 0.0 102.0
03-4 8 0.0 102.0
03-4 8 1.7 102.0
03-4 8 0.9 102.0
03-4 8 0.9 104.0
03-4 8 0.0 102.0
03-4 8 5.2 100.0
03-4 8 1.7 125.0
03-4 8 2.6 104.0
03-4 8 2.6 108.0
03-4 8 0.0 103.0
03-4 8 3.5 104.0
03-4 8 2.6 103.0
03-4 8 2.6 102.0
03-4 8 1.7 102.0
03-4 8 4.3 89.0
03-4 8 5.2 80.0
03-4 8 5.2 86.0
03-4 8 0.0 79.0
03-4 8 1.7 77.0
03-4 8 0.9 77.0
03-4 8 3.5 77.0
03-4 8 3.5 56.0
03-4 8 2.6 56.0
03-4 8 2.6 56.0
03-4 9 2.6 56.0
03-4 9 1.7 56.0
03-4 9 2.6 56.0
03-4 9 1.7 56.0
03-4 9 1.7 56.0
03-4 9 1.7 58.0
03-4 9 0.9 56.0
03-4 9 2.6 70.0
03-4 9 0.9 81.0
03-4 9 3.5 73.0
03-4 9 2.6 66.0
03-4 9 2.6 55.0
03-4 9 1.7 61.0
03-4 9 2.6 100.0
03-4 9 2.6 120.0
03-4 9 2.6 106.0
03-4 9 1.7 106.0
03-4 9 0.0 105.0
03-4 9 0.9 106.0
03-4 9 1.7 106.0
03-4 9 2.6 108.0
03-4 9 0.9 108.0
03-4 9 1.7 111.0
03-4 9 0.9 110.0
03-4 9 0.9 110.0
03-4 9 0.0 110.0
03-4 9 1.7 110.0
03-4 9 0.9 111.0
03-4 9 1.7 110.0
03-4 9 0.0 110.0
03-4 10 0.0 110.0
03-4 10 0.0 110.0
03-4 10 0.0 110.0
03-4 10 0.0 109.0
03-4 10 0.9 121.0
03-4 10 2.6 214.0
03-4 10 1.7 213.0
03-4 10 2.6 213.0
03-4 10 1.7 213.0
03-4 10 0.9 213.0
03-4 10 0.9 214.0
03-4 10 0.0 213.0
03-4 10 0.0 213.0
03-4 10 0.0 213.0
03-4 10 0.0 213.0
03-4 10 0.0 213.0
03-4 10 0.0 213.0
03-4 10 0.0 213.0
03-4 10 0.0 213.0
03-4 10 0.9 213.0
03-4 10 3.5 308.0
03-4 10 1.7 286.0
03-4 10 3.5 295.0
03-4 10 4.3 280.0
03-4 10 5.2 283.0
03-4 10 4.3 280.0
03-4 10 4.3 271.0
03-4 10 4.3 272.0
03-4 10 5.2 272.0
03-4 10 5.2 289.0
03-4 11 5.2 284.0
03-4 11 5.2 291.0
03-4 11 2.6 292.0
03-4 11 4.3 287.0
03-4 11 6.1 290.0
03-4 11 4.3 285.0
03-4 11 4.3 281.0
03-4 11 4.3 279.0
03-4 11 3.5 284.0
03-4 11 3.5 266.0
03-4 11 4.3 292.0
03-4 11 3.5 274.0
03-4 11 4.3 282.0
03-4 11 3.5 277.0
03-4 11 2.6 292.0
03-4 11 1.7 292.0
03-4 11 3.5 292.0
03-4 11 1.7 249.0
03-4 11 3.5 253.0
03-4 11 3.5 260.0
03-4 11 3.5 235.0
03-4 11 4.3 272.0
03-4 11 4.3 260.0
03-4 11 3.5 268.0
03-4 11 2.6 289.0
03-4 11 2.6 289.0
03-4 11 1.7 289.0
03-4 11 3.5 258.0
03-4 11 4.3 248.0
03-4 11 3.5 247.0
03-4 12 4.3 247.0
03-4 12 5.2 254.0
03-4 12 4.3 246.0
03-4 12 4.3 231.0
03-4 12 5.2 245.0
03-4 12 4.3 266.0
03-4 12 3.5 260.0
03-4 12 5.2 247.0
03-4 12 5.2 255.0
03-4 12 7.0 242.0
03-4 12 5.2 256.0
03-4 12 6.1 256.0
03-4 12 5.2 234.0
03-4 12 3.5 253.0
03-4 12 5.2 250.0
03-4 12 4.3 251.0
03-4 12 5.2 246.0
03-4 12 4.3 272.0
03-4 12 5.2 239.0
03-4 12 6.1 242.0
03-4 12 7.0 236.0
03-4 12 7.0 234.0
03-4 12 5.2 234.0
03-4 12 7.0 252.0
03-4 12 7.0 238.0
03-4 12 5.2 256.0
03-4 12 5.2 239.0
03-4 12 5.2 239.0
03-4 12 6.1 243.0
03-4 12 7.0 245.0
03-4 13 7.8 252.0
03-4 13 4.3 279.0
03-4 13 6.1 254.0
03-4 13 7.0 244.0
03-4 13 4.3 247.0
03-4 13 6.1 261.0
03-4 13 4.3 249.0
03-4 13 3.5 238.0
03-4 13 5.2 240.0
03-4 13 6.1 239.0
03-4 13 6.1 244.0
03-4 13 4.3 269.0
03-4 13 2.6 262.0
03-4 13 4.3 241.0
03-4 13 5.2 254.0
03-4 13 6.1 237.0
03-4 13 4.3 247.0
03-4 13 4.3 252.0
03-4 13 2.6 251.0
03-4 13 4.3 249.0
03-4 13 4.3 257.0
03-4 13 6.1 254.0
03-4 13 4.3 225.0
03-4 13 7.8 235.0
03-4 13 6.1 235.0
03-4 13 5.2 226.0
03-4 13 4.3 266.0
03-4 13 7.0 238.0
03-4 13 7.0 243.0
03-4 13 6.1 241.0
03-4 14 6.1 247.0
03-4 14 7.0 245.0
03-4 14 8.7 235.0
03-4 14 5.2 231.0
03-4 14 7.0 241.0
03-4 14 4.3 260.0
03-4 14 7.0 239.0
03-4 14 8.7 268.0
03-4 14 5.2 251.0
03-4 14 7.0 243.0
03-4 14 7.0 251.0
03-4 14 3.5 237.0
03-4 14 8.7 243.0
03-4 14 7.0 253.0
03-4 14 6.1 240.0
03-4 14 6.1 251.0
03-4 14 5.2 260.0
03-4 14 2.6 253.0
03-4 14 4.3 243.0
03-4 14 6.1 260.0
03-4 14 5.2 220.0
03-4 14 7.0 241.0
03-4 14 6.1 230.0
03-4 14 7.8 247.0
03-4 14 6.1 237.0
03-4 14 6.1 235.0
03-4 14 4.3 228.0
03-4 14 3.5 248.0
03-4 14 4.3 253.0
03-4 14 4.3 224.0
03-4 15 3.5 235.0
03-4 15 5.2 237.0
03-4 15 4.3 235.0
03-4 15 5.2 233.0
03-4 15 4.3 253.0
03-4 15 2.6 274.0
03-4 15 3.5 260.0
03-4 15 2.6 285.0
03-4 15 3.5 285.0
03-4 15 2.6 284.0
03-4 15 0.9 288.0
03-4 15 1.7 287.0
03-4 15 3.5 262.0
03-4 15 4.3 237.0
03-4 15 3.5 239.0
03-4 15 6.1 226.0
03-4 15 4.3 256.0
03-4 15 1.7 268.0
03-4 15 4.3 260.0
03-4 15 2.6 266.0
03-4 15 3.5 270.0
03-4 15 2.6 274.0
03-4 15 3.5 251.0
03-4 15 5.2 250.0
03-4 15 4.3 269.0
03-4 15 6.1 280.0
03-4 15 5.2 245.0
03-4 15 6.1 266.0
03-4 15 5.2 266.0
03-4 15 6.1 271.0
03-4 16 6.1 265.0
03-4 16 8.7 256.0
03-4 16 7.0 247.0
03-4 16 5.2 243.0
03-4 16 5.2 262.0
03-4 16 4.3 274.0
03-4 16 6.1 258.0
03-4 16 2.6 269.0
03-4 16 7.8 253.0
03-4 16 6.1 270.0
03-4 16 9.6 249.0
03-4 16 5.2 255.0
03-4 16 4.3 250.0
03-4 16 7.0 235.0
03-4 16 6.1 249.0
03-4 16 7.0 250.0
03-4 16 6.1 222.0
03-4 16 7.0 241.0
03-4 16 7.8 239.0
03-4 16 7.8 245.0
03-4 16 7.0 247.0
03-4 16 7.8 233.0
03-4 16 9.6 257.0
03-4 16 7.8 247.0
03-4 16 8.7 248.0
03-4 16 5.2 255.0
03-4 16 7.8 251.0
03-4 16 7.0 241.0
03-4 16 9.6 243.0
03-4 16 10.4 245.0
03-4 17 7.0 247.0
03-4 17 6.1 258.0
03-4 17 9.6 249.0
03-4 17 7.8 266.0
03-4 17 9.6 247.0
03-4 17 7.8 253.0
03-4 17 7.0 252.0
03-4 17 7.8 257.0
03-4 17 7.8 265.0
03-4 17 7.8 234.0
03-4 17 10.4 248.0
03-4 17 10.4 237.0
03-4 17 7.8 239.0
03-4 17 7.8 236.0
03-4 17 8.7 246.0
03-4 17 5.2 243.0
03-4 17 9.6 243.0
03-4 17 7.8 252.0
03-4 17 9.6 231.0
03-4 17 10.4 246.0
03-4 17 7.8 241.0
03-4 17 8.7 253.0
03-4 17 9.6 251.0
03-4 17 12.2 248.0
03-4 17 9.6 235.0
03-4 17 9.6 249.0
03-4 17 11.3 240.0
03-4 17 12.2 259.0
03-4 17 12.2 260.0
03-4 17 11.3 251.0
03-4 18 8.7 243.0
03-4 18 8.7 253.0
03-4 18 10.4 245.0
03-4 18 7.0 238.0
03-4 18 9.6 251.0
03-4 18 8.7 226.0
03-4 18 8.7 243.0
03-4 18 10.4 239.0
03-4 18 9.6 245.0
03-4 18 7.8 237.0
03-4 18 7.8 245.0
03-4 18 8.7 240.0
03-4 18 6.1 229.0
03-4 18 7.8 252.0
03-4 18 5.2 250.0
03-4 18 7.0 257.0
03-4 18 7.0 237.0
03-4 18 7.0 231.0
03-4 18 7.8 237.0
03-4 18 7.0 245.0
03-4 18 6.1 251.0
03-4 18 5.2 240.0
03-4 18 6.1 238.0
03-4 18 7.8 231.0
03-4 18 7.8 243.0
03-4 18 7.8 226.0
03-4 18 7.0 251.0
03-4 18 5.2 263.0
03-4 18 7.0 251.0
03-4 18 7.8 266.0
03-4 19 7.8 257.0
03-4 19 3.5 271.0
03-4 19 8.7 254.0
03-4 19 6.1 253.0
03-4 19 5.2 258.0
03-4 19 7.0 253.0
03-4 19 4.3 264.0
03-4 19 4.3 263.0
03-4 19 3.5 237.0
03-4 19 4.3 258.0
03-4 19 1.7 258.0
03-4 19 0.9 260.0
03-4 19 1.7 260.0
03-4 19 1.7 239.0
03-4 19 0.9 240.0
03-4 19 0.0 239.0
03-4 19 2.6 220.0
03-4 19 2.6 213.0
03-4 19 0.9 213.0
03-4 19 0.9 214.0
03-4 19 0.9 214.0
03-4 19 1.7 215.0
03-4 19 1.7 216.0
03-4 19 0.0 216.0
03-4 19 0.9 216.0
03-4 19 0.0 216.0
03-4 19 0.9 216.0
03-4 19 0.0 216.0
03-4 19 0.0 216.0
03-4 19 0.0 216.0
03-4 20 0.0 216.0
03-4 20 1.7 216.0
03-4 20 1.7 218.0
03-4 20 2.6 218.0
03-4 20 0.9 220.0
03-4 20 0.9 220.0
03-4 20 1.7 220.0
03-4 20 0.0 220.0
03-4 20 0.9 220.0
03-4 20 1.7 220.0
03-4 20 0.9 221.0
03-4 20 2.6 221.0
03-4 20 2.6 220.0
03-4 20 1.7 220.0
03-4 20 2.6 220.0
03-4 20 0.0 220.0
03-4 20 0.0 221.0
03-4 20 0.0 219.0
03-4 20 0.9 219.0
03-4 20 0.9 359.0
03-4 20 0.0 222.0
03-4 20 0.0 219.0
03-4 20 2.6 359.0
03-4 20 0.0 359.0
03-4 20 0.0 298.0
03-4 20 0.0 32.0
03-4 20 3.5 31.0
03-4 20 0.9 32.0
03-4 20 3.5 31.0
03-4 20 3.5 32.0
03-4 21 4.3 359.0
03-4 21 3.5 308.0
03-4 21 1.7 359.0
03-4 21 3.5 305.0
03-4 21 3.5 292.0
03-4 21 6.1 359.0
03-4 21 8.7 359.0
03-4 21 4.3 359.0
03-4 21 5.2 359.0
03-4 21 2.6 359.0
03-4 21 1.7 359.0
03-4 21 3.5 359.0
03-4 21 1.7 359.0
03-4 21 1.7 359.0
03-4 21 2.6 359.0
03-4 21 3.5 359.0
03-4 21 2.6 359.0
03-4 21 0.9 359.0
03-4 21 0.9 359.0
03-4 21 0.0 359.0
03-4 21 0.9 359.0
03-4 21 0.0 359.0
03-4 21 0.9 359.0
03-4 21 0.0 359.0
03-4 21 0.9 359.0
03-4 21 0.9 359.0
03-4 21 2.6 359.0
03-4 21 0.9 359.0
03-4 21 0.9 359.0
03-4 21 2.6 261.0
03-4 22 2.6 262.0
03-4 22 0.9 263.0
03-4 22 1.7 264.0
03-4 22 4.3 266.0
03-4 22 0.9 265.0
03-4 22 1.7 266.0
03-4 22 0.9 265.0
03-4 22 0.0 265.0
03-4 22 1.7 264.0
03-4 22 0.9 265.0
03-4 22 2.6 265.0
03-4 22 2.6 265.0
03-4 22 0.9 265.0
03-4 22 1.7 264.0
03-4 22 1.7 264.0
03-4 22 2.6 264.0
03-4 22 3.5 286.0
03-4 22 1.7 289.0
03-4 22 0.9 289.0
03-4 22 0.9 289.0
03-4 22 0.0 289.0
03-4 22 0.9 289.0
03-4 22 1.7 289.0
03-4 22 1.7 289.0
03-4 22 0.9 289.0
03-4 22 0.9 289.0
03-4 22 0.9 289.0
03-4 22 0.0 289.0
03-4 22 1.7 289.0
03-4 22 0.0 289.0
03-4 23 0.0 289.0
03-4 23 0.0 289.0
03-4 23 0.9 289.0
03-4 23 0.9 289.0
03-4 23 0.0 289.0
03-4 23 0.0 289.0
03-4 23 0.0 289.0
03-4 23 1.7 289.0
03-4 23 0.0 289.0
03-4 23 1.7 289.0
03-4 23 1.7 289.0
03-4 23 0.9 289.0
03-4 23 0.9 289.0
03-4 23 0.0 289.0
03-4 23 0.0 289.0
03-4 23 0.0 289.0
03-4 23 2.6 359.0
03-4 23 1.7 289.0
03-4 23 1.7 289.0
03-4 23 1.7 359.0
03-4 23 2.6 256.0
03-4 23 1.7 255.0
03-4 23 0.9 256.0
03-4 23 0.9 255.0
03-4 23 1.7 256.0
03-4 23 1.7 256.0
03-4 23 0.9 266.0
03-4 23 0.9 266.0
03-4 23 0.0 266.0
03-4 23 1.7 266.0
