03-5 5 10.4 301.0
03-5 5 12.2 359.0
03-5 5 11.3 359.0
03-5 5 12.2 301.0
03-5 5 9.6 341.0
03-5 5 10.4 359.0
03-5 5 12.2 359.0
03-5 5 7.0 283.0
03-5 5 9.6 278.0
03-5 5 13.0 297.0
03-5 5 9.6 299.0
03-5 5 13.0 359.0
03-5 5 13.9 359.0
03-5 5 11.3 359.0
03-5 5 12.2 359.0
03-5 5 12.2 295.0
03-5 5 11.3 291.0
03-5 5 13.9 359.0
03-5 5 11.3 283.0
03-5 5 10.4 289.0
03-5 5 10.4 276.0
03-5 5 13.0 278.0
03-5 5 12.2 281.0
03-5 5 13.0 295.0
03-5 5 8.7 282.0
03-5 5 13.0 284.0
03-5 5 10.4 359.0
03-5 5 13.9 281.0
03-5 5 12.2 299.0
03-5 5 12.2 265.0
03-5 6 9.6 297.0
03-5 6 11.3 293.0
03-5 6 13.0 359.0
03-5 6 13.0 359.0
03-5 6 12.2 290.0
03-5 6 10.4 295.0
03-5 6 10.4 305.0
03-5 6 8.7 293.0
03-5 6 11.3 292.0
03-5 6 11.3 289.0
03-5 6 10.4 339.0
03-5 6 11.3 302.0
03-5 6 9.6 316.0
03-5 6 12.2 305.0
03-5 6 11.3 322.0
03-5 6 12.2 305.0
03-5 6 13.0 309.0
03-5 6 7.8 281.0
03-5 6 12.2 337.0
03-5 6 11.3 316.0
03-5 6 13.9 359.0
03-5 6 10.4 310.0
03-5 6 10.4 310.0
03-5 6 11.3 315.0
03-5 6 10.4 359.0
03-5 6 11.3 359.0
03-5 6 7.0 359.0
03-5 6 11.3 359.0
03-5 6 8.7 359.0
03-5 6 7.8 336.0
03-5 7 11.3 359.0
03-5 7 8.7 359.0
03-5 7 8.7 323.0
03-5 7 12.2 299.0
03-5 7 13.0 321.0
03-5 7 10.4 341.0
03-5 7 7.0 343.0
03-5 7 8.7 359.0
03-5 7 8.7 321.0
03-5 7 9.6 316.0
03-5 7 10.4 328.0
03-5 7 8.7 359.0
03-5 7 10.4 347.0
03-5 7 10.4 359.0
03-5 7 8.7 359.0
03-5 7 13.0 359.0
03-5 7 12.2 359.0
03-5 7 9.6 305.0
03-5 7 10.4 359.0
03-5 7 11.3 359.0
03-5 7 10.4 296.0
03-5 7 8.7 280.0
03-5 7 10.4 276.0
03-5 7 11.3 359.0
03-5 7 12.2 300.0
03-5 7 13.0 312.0
03-5 7 13.0 290.0
03-5 7 12.2 284.0
03-5 7 13.0 359.0
03-5 7 13.9 359.0
03-5 8 8.7 301.0
03-5 8 10.4 303.0
03-5 8 12.2 291.0
03-5 8 11.3 359.0
03-5 8 9.6 305.0
03-5 8 9.6 359.0
03-5 8 9.6 301.0
03-5 8 8.7 359.0
03-5 8 10.4 359.0
03-5 8 10.4 301.0
03-5 8 10.4 359.0
03-5 8 10.4 288.0
03-5 8 10.4 301.0
03-5 8 12.2 359.0
03-5 8 11.3 359.0
03-5 8 12.2 299.0
03-5 8 10.4 359.0
03-5 8 10.4 359.0
03-5 8 8.7 316.0
03-5 8 10.4 297.0
03-5 8 8.7 359.0
03-5 8 12.2 297.0
03-5 8 13.0 359.0
03-5 8 8.7 315.0
03-5 8 7.0 308.0
03-5 8 8.7 359.0
03-5 8 12.2 359.0
03-5 8 12.2 359.0
03-5 8 10.4 285.0
03-5 8 11.3 359.0
03-5 9 10.4 359.0
03-5 9 10.4 359.0
03-5 9 9.6 280.0
03-5 9 9.6 318.0
03-5 9 11.3 301.0
03-5 9 11.3 307.0
03-5 9 12.2 301.0
03-5 9 11.3 298.0
03-5 9 11.3 359.0
03-5 9 11.3 310.0
03-5 9 10.4 284.0
03-5 9 10.4 359.0
03-5 9 8.7 288.0
03-5 9 9.6 275.0
03-5 9 11.3 291.0
03-5 9 10.4 293.0
03-5 9 8.7 285.0
03-5 9 11.3 359.0
03-5 9 11.3 359.0
03-5 9 13.0 288.0
03-5 9 9.6 285.0
03-5 9 14.8 290.0
03-5 9 12.2 281.0
03-5 9 12.2 359.0
03-5 9 12.2 276.0
03-5 9 11.3 291.0
03-5 9 8.7 284.0
03-5 9 11.3 291.0
03-5 9 10.4 301.0
03-5 9 8.7 296.0
03-5 10 7.0 298.0
03-5 10 8.7 314.0
03-5 10 11.3 335.0
03-5 10 9.6 338.0
03-5 10 9.6 307.0
03-5 10 7.8 289.0
03-5 10 10.4 318.0
03-5 10 8.7 359.0
03-5 10 7.8 322.0
03-5 10 10.4 310.0
03-5 10 8.7 314.0
03-5 10 8.7 359.0
03-5 10 12.2 322.0
03-5 10 10.4 359.0
03-5 10 8.7 301.0
03-5 10 8.7 330.0
03-5 10 8.7 359.0
03-5 10 7.0 312.0
03-5 10 7.8 334.0
03-5 10 7.0 298.0
03-5 10 9.6 292.0
03-5 10 9.6 359.0
03-5 10 9.6 329.0
03-5 10 5.2 320.0
03-5 10 7.8 314.0
03-5 10 9.6 312.0
03-5 10 10.4 309.0
03-5 10 9.6 301.0
03-5 10 8.7 271.0
03-5 10 10.4 310.0
03-5 11 10.4 295.0
03-5 11 10.4 303.0
03-5 11 9.6 293.0
03-5 11 9.6 295.0
03-5 11 10.4 287.0
03-5 11 9.6 280.0
03-5 11 9.6 301.0
03-5 11 11.3 279.0
03-5 11 8.7 293.0
03-5 11 7.0 267.0
03-5 11 11.3 278.0
03-5 11 12.2 274.0
03-5 11 10.4 280.0
03-5 11 7.0 256.0
03-5 11 10.4 254.0
03-5 11 15.6 277.0
03-5 11 15.6 277.0
03-5 11 10.4 262.0
03-5 11 10.4 265.0
03-5 11 13.9 270.0
03-5 11 13.0 266.0
03-5 11 13.0 256.0
03-5 11 12.2 277.0
03-5 11 12.2 265.0
03-5 11 8.7 269.0
03-5 11 13.9 279.0
03-5 11 8.7 243.0
03-5 11 14.8 260.0
03-5 11 13.9 278.0
03-5 11 18.2 263.0
03-5 12 13.0 359.0
03-5 12 17.4 271.0
03-5 12 13.9 264.0
03-5 12 8.7 256.0
03-5 12 13.0 262.0
03-5 12 13.0 274.0
03-5 12 12.2 259.0
03-5 12 18.2 262.0
03-5 12 13.0 253.0
03-5 12 12.2 272.0
03-5 12 15.6 260.0
03-5 12 15.6 266.0
03-5 12 13.9 257.0
03-5 12 13.9 272.0
03-5 12 13.0 261.0
03-5 12 13.0 243.0
03-5 12 12.2 244.0
03-5 12 13.9 242.0
03-5 12 10.4 247.0
03-5 12 13.0 287.0
03-5 12 10.4 249.0
03-5 12 10.4 254.0
03-5 12 13.9 262.0
03-5 12 13.0 268.0
03-5 12 8.7 263.0
03-5 12 13.0 250.0
03-5 12 16.5 268.0
03-5 12 13.0 245.0
03-5 12 18.2 258.0
03-5 12 12.2 279.0
03-5 13 16.5 286.0
03-5 13 12.2 247.0
03-5 13 15.6 266.0
03-5 13 15.6 256.0
03-5 13 15.6 257.0
03-5 13 13.0 228.0
03-5 13 11.3 237.0
03-5 13 9.6 278.0
03-5 13 13.0 251.0
03-5 13 9.6 262.0
03-5 13 13.0 256.0
03-5 13 13.0 247.0
03-5 13 12.2 241.0
03-5 13 13.9 242.0
03-5 13 13.9 245.0
03-5 13 10.4 278.0
03-5 13 10.4 257.0
03-5 13 13.9 257.0
03-5 13 13.0 260.0
03-5 13 11.3 248.0
03-5 13 11.3 249.0
03-5 13 11.3 249.0
03-5 13 12.2 269.0
03-5 13 11.3 251.0
03-5 13 14.8 251.0
03-5 13 15.6 260.0
03-5 13 10.4 247.0
03-5 13 14.8 245.0
03-5 13 13.0 258.0
03-5 13 13.0 225.0
03-5 14 11.3 270.0
03-5 14 13.0 268.0
03-5 14 16.5 267.0
03-5 14 15.6 258.0
03-5 14 13.9 263.0
03-5 14 13.0 262.0
03-5 14 13.9 284.0
03-5 14 9.6 266.0
03-5 14 10.4 253.0
03-5 14 10.4 253.0
03-5 14 13.0 235.0
03-5 14 13.0 245.0
03-5 14 9.6 258.0
03-5 14 11.3 271.0
03-5 14 10.4 258.0
03-5 14 12.2 274.0
03-5 14 6.1 239.0
03-5 14 13.0 251.0
03-5 14 9.6 268.0
03-5 14 9.6 271.0
03-5 14 12.2 249.0
03-5 14 7.8 266.0
03-5 14 7.0 246.0
03-5 14 13.0 248.0
03-5 14 9.6 267.0
03-5 16 15.6 259.0
03-5 16 13.0 261.0
03-5 16 13.9 245.0
03-5 16 10.4 266.0
03-5 16 15.6 264.0
03-5 16 17.4 249.0
03-5 16 12.2 261.0
03-5 16 11.3 264.0
03-5 16 9.6 255.0
03-5 17 13.0 249.0
03-5 17 10.4 247.0
03-5 17 13.9 ent
03-5 17 12.2 246.0
03-5 17 12.2 245.0
03-5 17 13.0 274.0
03-5 17 15.6 262.0
03-5 17 13.9 257.0
03-5 17 13.0 251.0
03-5 17 12.2 247.0
03-5 17 13.9 260.0
03-5 17 13.9 262.0
03-5 17 12.2 249.0
03-5 17 14.8 250.0
03-5 17 14.8 242.0
03-5 17 12.2 244.0
03-5 17 9.6 256.0
03-5 17 14.8 249.0
03-5 17 12.2 257.0
03-5 17 12.2 257.0
03-5 17 10.4 245.0
03-5 17 13.9 251.0
03-5 17 13.0 255.0
03-5 17 10.4 245.0
03-5 17 15.6 249.0
03-5 17 13.0 253.0
03-5 17 11.3 252.0
03-5 17 11.3 258.0
03-5 17 12.2 251.0
03-5 18 12.2 251.0
03-5 18 13.0 249.0
03-5 18 13.9 256.0
03-5 18 13.9 239.0
03-5 18 13.9 249.0
03-5 18 10.4 244.0
03-5 18 12.2 237.0
03-5 18 12.2 239.0
03-5 18 13.0 266.0
03-5 18 10.4 250.0
03-5 18 12.2 253.0
03-5 18 9.6 256.0
03-5 18 13.0 256.0
03-5 18 13.9 248.0
03-5 18 8.7 263.0
03-5 18 8.7 258.0
03-5 18 13.0 250.0
03-5 18 9.6 265.0
03-5 18 7.8 265.0
03-5 18 7.8 249.0
03-5 18 7.0 256.0
03-5 18 11.3 250.0
03-5 18 9.6 246.0
03-5 18 7.8 245.0
03-5 18 5.2 281.0
03-5 18 8.7 256.0
03-5 18 7.0 247.0
03-5 18 6.1 268.0
03-5 18 7.8 247.0
03-5 18 8.7 247.0
03-5 19 7.8 237.0
03-5 19 5.2 260.0
03-5 19 9.6 237.0
03-5 19 8.7 251.0
03-5 19 8.7 233.0
03-5 19 10.4 255.0
03-5 19 8.7 252.0
03-5 19 7.8 248.0
03-5 19 8.7 249.0
03-5 19 7.8 252.0
03-5 19 7.8 262.0
03-5 19 12.2 255.0
03-5 19 11.3 257.0
03-5 19 6.1 264.0
03-5 19 10.4 248.0
03-5 19 11.3 260.0
03-5 19 9.6 262.0
03-5 19 9.6 267.0
03-5 19 8.7 271.0
03-5 19 9.6 260.0
03-5 19 9.6 263.0
03-5 19 5.2 264.0
03-5 19 8.7 260.0
03-5 19 7.8 262.0
03-5 19 8.7 278.0
03-5 19 5.2 260.0
03-5 19 7.0 290.0
03-5 19 7.8 289.0
03-5 19 6.1 303.0
03-5 19 5.2 314.0
03-5 20 7.8 297.0
03-5 20 6.1 359.0
03-5 20 6.1 314.0
03-5 20 4.3 322.0
03-5 20 3.5 324.0
03-5 20 2.6 312.0
03-5 20 5.2 311.0
03-5 20 4.3 310.0
03-5 20 3.5 359.0
03-5 20 5.2 359.0
03-5 20 7.0 359.0
03-5 20 6.1 303.0
03-5 20 6.1 359.0
03-5 20 6.1 359.0
03-5 20 7.0 359.0
03-5 20 2.6 294.0
03-5 20 6.1 359.0
03-5 20 6.1 297.0
03-5 20 6.1 297.0
03-5 20 5.2 359.0
03-5 20 6.1 299.0
03-5 20 6.1 359.0
03-5 20 4.3 312.0
03-5 20 2.6 314.0
03-5 20 4.3 307.0
03-5 20 6.1 359.0
03-5 20 4.3 288.0
03-5 20 3.5 359.0
03-5 20 4.3 289.0
03-5 20 7.0 300.0
03-5 21 5.2 359.0
03-5 21 4.3 299.0
03-5 21 6.1 359.0
03-5 21 7.0 359.0
03-5 21 4.3 307.0
03-5 21 5.2 299.0
03-5 21 6.1 301.0
03-5 21 5.2 293.0
03-5 21 6.1 359.0
03-5 21 6.1 304.0
03-5 21 6.1 293.0
03-5 21 5.2 268.0
03-5 21 7.0 280.0
03-5 21 4.3 359.0
03-5 21 6.1 277.0
03-5 21 3.5 290.0
03-5 21 4.3 359.0
03-5 21 5.2 359.0
03-5 21 5.2 359.0
03-5 21 4.3 359.0
03-5 21 2.6 291.0
03-5 21 4.3 300.0
03-5 21 7.0 297.0
03-5 21 6.1 359.0
03-5 21 4.3 297.0
03-5 21 4.3 359.0
03-5 21 6.1 301.0
03-5 21 7.0 297.0
03-5 21 7.0 359.0
03-5 21 7.8 359.0
03-5 22 6.1 282.0
03-5 22 7.0 283.0
03-5 22 7.0 359.0
03-5 22 7.8 359.0
03-5 22 5.2 291.0
03-5 22 5.2 293.0
03-5 22 5.2 297.0
03-5 22 5.2 291.0
03-5 22 4.3 292.0
03-5 22 4.3 306.0
03-5 22 3.5 359.0
03-5 22 4.3 315.0
03-5 22 1.7 316.0
03-5 22 4.3 359.0
03-5 22 5.2 308.0
03-5 22 3.5 311.0
03-5 22 3.5 310.0
03-5 22 2.6 359.0
03-5 22 3.5 314.0
03-5 22 2.6 315.0
03-5 22 1.7 313.0
03-5 22 0.9 359.0
03-5 22 1.7 359.0
03-5 22 1.7 359.0
03-5 22 0.9 316.0
03-5 22 0.9 316.0
03-5 22 1.7 316.0
03-5 22 0.0 359.0
03-5 22 0.0 359.0
03-5 22 0.9 359.0
03-5 23 0.9 359.0
03-5 23 1.7 359.0
03-5 23 0.9 295.0
03-5 23 2.6 359.0
03-5 23 1.7 359.0
03-5 23 1.7 292.0
03-5 23 1.7 291.0
03-5 23 0.9 291.0
03-5 23 0.0 292.0
03-5 23 0.0 291.0
03-5 23 0.0 359.0
03-5 23 0.9 297.0
03-5 23 1.7 295.0
03-5 23 0.0 359.0
03-5 23 0.0 291.0
03-5 23 0.0 292.0
03-5 23 0.0 291.0
03-5 23 0.9 292.0
03-5 23 0.0 291.0
03-5 23 0.0 359.0
03-5 23 0.0 291.0
03-5 23 0.0 359.0
03-5 23 0.9 297.0
03-5 23 2.6 359.0
03-5 23 1.7 359.0
03-5 23 0.9 285.0
03-5 23 0.9 359.0
03-5 23 0.0 359.0
03-5 23 0.0 247.0
03-5 23 0.0 359.0
