04-4 5 2.6 102.0
04-4 5 2.6 101.0
04-4 5 3.5 101.0
04-4 5 1.7 99.0
04-4 5 0.9 98.0
04-4 5 2.6 95.0
04-4 5 1.7 95.0
04-4 5 2.6 97.0
04-4 5 2.6 97.0
04-4 5 4.3 97.0
04-4 5 1.7 97.0
04-4 5 1.7 96.0
04-4 5 1.7 96.0
04-4 5 0.9 97.0
04-4 5 1.7 97.0
04-4 5 1.7 96.0
04-4 5 2.6 97.0
04-4 5 1.7 97.0
04-4 5 2.6 97.0
04-4 5 2.6 97.0
04-4 5 4.3 97.0
04-4 5 5.2 99.0
04-4 5 4.3 99.0
04-4 5 2.6 99.0
04-4 5 4.3 100.0
04-4 5 2.6 97.0
04-4 5 2.6 97.0
04-4 5 1.7 100.0
04-4 5 1.7 100.0
04-4 5 2.6 101.0
04-4 6 2.6 101.0
04-4 6 4.3 100.0
04-4 6 2.6 101.0
04-4 6 2.6 100.0
04-4 6 3.5 101.0
04-4 6 3.5 101.0
04-4 6 1.7 102.0
04-4 6 2.6 100.0
04-4 6 2.6 100.0
04-4 6 2.6 102.0
04-4 6 2.6 101.0
04-4 6 2.6 101.0
04-4 6 4.3 100.0
04-4 6 5.2 99.0
04-4 6 2.6 101.0
04-4 6 1.7 102.0
04-4 6 2.6 102.0
04-4 6 2.6 102.0
04-4 6 3.5 102.0
04-4 6 3.5 102.0
04-4 6 2.6 103.0
04-4 6 2.6 102.0
04-4 6 3.5 102.0
04-4 6 3.5 102.0
04-4 6 2.6 102.0
04-4 6 2.6 103.0
04-4 6 2.6 102.0
04-4 6 3.5 101.0
04-4 6 2.6 101.0
04-4 6 1.7 102.0
04-4 7 2.6 102.0
04-4 7 3.5 101.0
04-4 7 4.3 103.0
04-4 7 3.5 102.0
04-4 7 2.6 102.0
04-4 7 4.3 103.0
04-4 7 4.3 77.0
04-4 7 2.6 80.0
04-4 7 0.9 71.0
04-4 7 2.6 74.0
04-4 7 2.6 75.0
04-4 7 3.5 76.0
04-4 7 2.6 77.0
04-4 7 2.6 81.0
04-4 7 4.3 83.0
04-4 7 4.3 83.0
04-4 7 5.2 84.0
04-4 7 4.3 85.0
04-4 7 1.7 87.0
04-4 7 2.6 87.0
04-4 7 2.6 88.0
04-4 7 2.6 91.0
04-4 7 5.2 92.0
04-4 7 4.3 93.0
04-4 7 4.3 91.0
04-4 7 2.6 92.0
04-4 7 4.3 93.0
04-4 7 2.6 93.0
04-4 7 1.7 93.0
04-4 7 4.3 95.0
04-4 8 1.7 95.0
04-4 8 4.3 95.0
04-4 8 2.6 95.0
04-4 8 4.3 91.0
04-4 8 2.6 90.0
04-4 8 0.9 87.0
04-4 8 2.6 88.0
04-4 8 4.3 91.0
04-4 8 4.3 87.0
04-4 8 1.7 86.0
04-4 8 2.6 86.0
04-4 8 5.2 85.0
04-4 8 0.9 84.0
04-4 8 2.6 70.0
04-4 8 2.6 79.0
04-4 8 1.7 66.0
04-4 8 0.9 69.0
04-4 8 0.0 68.0
04-4 8 0.0 70.0
04-4 8 0.9 69.0
04-4 8 1.7 70.0
04-4 8 1.7 72.0
04-4 8 2.6 66.0
04-4 8 0.9 69.0
04-4 8 0.9 70.0
04-4 8 3.5 70.0
04-4 8 7.0 79.0
04-4 8 4.3 83.0
04-4 8 2.6 85.0
04-4 8 5.2 89.0
04-4 9 2.6 89.0
04-4 9 2.6 90.0
04-4 9 1.7 91.0
04-4 9 2.6 92.0
04-4 9 0.9 93.0
04-4 9 1.7 93.0
04-4 9 0.0 93.0
04-4 9 1.7 93.0
04-4 9 0.0 93.0
04-4 9 0.9 93.0
04-4 9 0.0 93.0
04-4 9 2.6 93.0
04-4 9 0.9 93.0
04-4 9 0.0 93.0
04-4 9 0.9 93.0
04-4 9 0.0 92.0
04-4 9 0.0 92.0
04-4 9 0.0 92.0
04-4 9 0.0 92.0
04-4 9 0.0 91.0
04-4 9 1.7 91.0
04-4 9 0.0 91.0
04-4 9 1.7 91.0
04-4 9 1.7 91.0
04-4 9 0.0 91.0
04-4 9 0.0 91.0
04-4 9 2.6 90.0
04-4 9 0.0 89.0
04-4 9 1.7 90.0
04-4 9 4.3 89.0
04-4 10 2.6 85.0
04-4 10 4.3 79.0
04-4 10 0.0 79.0
04-4 10 1.7 80.0
04-4 10 1.7 80.0
04-4 10 4.3 82.0
04-4 10 4.3 83.0
04-4 10 0.9 83.0
04-4 10 1.7 83.0
04-4 10 0.0 84.0
04-4 10 0.0 83.0
04-4 10 0.0 83.0
04-4 10 0.0 83.0
04-4 10 3.5 262.0
04-4 10 6.1 246.0
04-4 10 3.5 283.0
04-4 10 5.2 251.0
04-4 10 6.1 238.0
04-4 10 6.1 252.0
04-4 10 4.3 241.0
04-4 10 3.5 249.0
04-4 10 3.5 239.0
04-4 10 3.5 258.0
04-4 10 3.5 231.0
04-4 10 4.3 243.0
04-4 10 2.6 243.0
04-4 10 2.6 245.0
04-4 10 2.6 247.0
04-4 10 3.5 248.0
04-4 10 1.7 247.0
04-4 11 1.7 249.0
04-4 11 2.6 253.0
04-4 11 2.6 257.0
04-4 11 1.7 263.0
04-4 11 2.6 263.0
04-4 11 2.6 262.0
04-4 11 2.6 268.0
04-4 11 1.7 267.0
04-4 11 4.3 272.0
04-4 11 4.3 255.0
04-4 11 3.5 253.0
04-4 11 4.3 251.0
04-4 11 5.2 252.0
04-4 11 3.5 254.0
04-4 11 4.3 253.0
04-4 11 5.2 254.0
04-4 11 4.3 253.0
04-4 11 4.3 262.0
04-4 11 5.2 261.0
04-4 11 3.5 273.0
04-4 11 3.5 274.0
04-4 11 2.6 275.0
04-4 11 3.5 278.0
04-4 11 3.5 282.0
04-4 11 3.5 285.0
04-4 11 3.5 289.0
04-4 11 2.6 292.0
04-4 11 2.6 292.0
04-4 11 3.5 292.0
04-4 11 3.5 292.0
04-4 12 4.3 292.0
04-4 12 5.2 278.0
04-4 12 4.3 278.0
04-4 12 3.5 277.0
04-4 12 5.2 262.0
04-4 12 5.2 264.0
04-4 12 6.1 267.0
04-4 12 4.3 257.0
04-4 12 5.2 268.0
04-4 12 5.2 270.0
04-4 12 5.2 271.0
04-4 12 4.3 267.0
04-4 12 4.3 269.0
04-4 12 5.2 268.0
04-4 12 4.3 271.0
04-4 12 2.6 272.0
04-4 12 2.6 277.0
04-4 12 5.2 284.0
04-4 12 2.6 277.0
04-4 12 4.3 283.0
04-4 12 2.6 276.0
04-4 12 4.3 255.0
04-4 12 3.5 261.0
04-4 12 2.6 260.0
04-4 12 4.3 255.0
04-4 12 3.5 245.0
04-4 12 4.3 240.0
04-4 12 5.2 249.0
04-4 12 5.2 240.0
04-4 12 3.5 264.0
04-4 13 4.3 273.0
04-4 13 5.2 265.0
04-4 13 5.2 272.0
04-4 13 4.3 289.0
04-4 13 4.3 249.0
04-4 13 4.3 258.0
04-4 13 4.3 270.0
04-4 13 3.5 261.0
04-4 13 4.3 264.0
04-4 13 3.5 228.0
04-4 13 6.1 250.0
04-4 13 6.1 249.0
04-4 13 3.5 269.0
04-4 13 5.2 253.0
04-4 13 6.1 255.0
04-4 13 6.1 251.0
04-4 13 4.3 262.0
04-4 13 7.0 260.0
04-4 13 7.8 269.0
04-4 13 5.2 270.0
04-4 13 7.8 257.0
04-4 13 5.2 255.0
04-4 13 5.2 253.0
04-4 13 6.1 264.0
04-4 13 7.0 253.0
04-4 13 8.7 243.0
04-4 13 4.3 285.0
04-4 13 6.1 259.0
04-4 13 6.1 260.0
04-4 13 6.1 257.0
04-4 14 7.0 235.0
04-4 14 2.6 204.0
04-4 14 4.3 250.0
04-4 14 0.0 197.0
04-4 14 1.7 197.0
04-4 14 0.9 152.0
04-4 14 2.6 180.0
04-4 14 3.5 207.0
04-4 14 3.5 172.0
04-4 14 8.7 181.0
04-4 14 1.7 136.0
04-4 14 3.5 179.0
04-4 14 1.7 147.0
04-4 14 5.2 126.0
04-4 14 6.1 137.0
04-4 14 5.2 173.0
04-4 14 6.1 175.0
04-4 14 5.2 166.0
04-4 14 2.6 147.0
04-4 14 3.5 168.0
04-4 14 6.1 160.0
04-4 14 2.6 153.0
04-4 14 6.1 145.0
04-4 14 3.5 156.0
04-4 14 1.7 107.0
04-4 14 4.3 152.0
04-4 14 3.5 114.0
04-4 14 5.2 149.0
04-4 14 7.0 179.0
04-4 14 3.5 177.0
04-4 15 6.1 182.0
04-4 15 7.8 161.0
04-4 15 6.1 125.0
04-4 15 5.2 186.0
04-4 15 4.3 166.0
04-4 15 2.6 155.0
04-4 15 7.8 158.0
04-4 15 6.1 180.0
04-4 15 3.5 203.0
04-4 15 1.7 196.0
04-4 15 5.2 151.0
04-4 15 6.1 162.0
04-4 15 6.1 191.0
04-4 15 6.1 133.0
04-4 15 6.1 151.0
04-4 15 6.1 161.0
04-4 15 7.8 174.0
04-4 15 6.1 185.0
04-4 15 4.3 190.0
04-4 15 0.9 158.0
04-4 15 5.2 206.0
04-4 15 0.0 158.0
04-4 15 0.9 171.0
04-4 15 2.6 191.0
04-4 15 7.8 114.0
04-4 15 4.3 205.0
04-4 15 5.2 206.0
04-4 15 5.2 189.0
04-4 15 7.8 216.0
04-4 15 3.5 200.0
04-4 16 4.3 191.0
04-4 16 11.3 188.0
04-4 16 6.1 170.0
04-4 16 6.1 218.0
04-4 16 5.2 215.0
04-4 16 3.5 191.0
04-4 16 7.0 222.0
04-4 16 6.1 190.0
04-4 16 1.7 234.0
04-4 16 3.5 185.0
04-4 16 5.2 189.0
04-4 16 4.3 185.0
04-4 16 4.3 164.0
04-4 16 4.3 177.0
04-4 16 4.3 216.0
04-4 16 4.3 173.0
04-4 16 5.2 188.0
04-4 16 8.7 189.0
04-4 16 7.8 173.0
04-4 16 5.2 195.0
04-4 16 4.3 192.0
04-4 16 6.1 204.0
04-4 16 6.1 175.0
04-4 16 1.7 157.0
04-4 16 5.2 149.0
04-4 16 8.7 160.0
04-4 16 3.5 187.0
04-4 16 3.5 198.0
04-4 16 8.7 139.0
04-4 16 5.2 164.0
04-4 17 9.6 172.0
04-4 17 6.1 187.0
04-4 17 4.3 170.0
04-4 17 8.7 166.0
04-4 17 3.5 184.0
04-4 17 3.5 178.0
04-4 17 6.1 197.0
04-4 17 5.2 156.0
04-4 17 6.1 165.0
04-4 17 10.4 164.0
04-4 17 5.2 184.0
04-4 17 5.2 165.0
04-4 17 3.5 184.0
04-4 17 6.1 172.0
04-4 17 7.8 164.0
04-4 17 2.6 183.0
04-4 17 7.0 156.0
04-4 17 5.2 161.0
04-4 17 6.1 164.0
04-4 17 6.1 173.0
04-4 17 6.1 197.0
04-4 17 9.6 129.0
04-4 17 2.6 166.0
04-4 17 3.5 179.0
04-4 17 3.5 170.0
04-4 17 6.1 155.0
04-4 17 1.7 337.0
04-4 17 2.6 197.0
04-4 17 4.3 158.0
04-4 17 4.3 164.0
04-4 18 5.2 143.0
04-4 18 6.1 182.0
04-4 18 6.1 169.0
04-4 18 3.5 191.0
04-4 18 3.5 193.0
04-4 18 5.2 197.0
04-4 18 6.1 184.0
04-4 18 3.5 163.0
04-4 18 4.3 150.0
04-4 18 3.5 190.0
04-4 18 0.9 157.0
04-4 18 8.7 145.0
04-4 18 3.5 177.0
04-4 18 8.7 173.0
04-4 18 6.1 174.0
04-4 18 9.6 152.0
04-4 18 12.2 150.0
04-4 18 6.1 139.0
04-4 18 9.6 140.0
04-4 18 8.7 174.0
04-4 18 5.2 177.0
04-4 18 5.2 170.0
04-4 18 4.3 153.0
04-4 18 5.2 148.0
04-4 18 3.5 143.0
04-4 18 4.3 138.0
04-4 18 5.2 131.0
04-4 18 8.7 131.0
04-4 18 2.6 185.0
04-4 18 9.6 135.0
04-4 19 7.8 144.0
04-4 19 5.2 186.0
04-4 19 7.8 184.0
04-4 19 7.0 177.0
04-4 19 7.0 177.0
04-4 19 7.0 168.0
04-4 19 3.5 190.0
04-4 19 4.3 139.0
04-4 19 5.2 171.0
04-4 19 5.2 184.0
04-4 19 6.1 187.0
04-4 19 2.6 137.0
04-4 19 2.6 158.0
04-4 19 3.5 179.0
04-4 19 4.3 132.0
04-4 19 3.5 183.0
04-4 19 4.3 141.0
04-4 19 4.3 172.0
04-4 19 6.1 174.0
04-4 19 6.1 176.0
04-4 19 5.2 166.0
04-4 19 7.0 138.0
04-4 19 3.5 158.0
04-4 19 2.6 184.0
04-4 19 2.6 166.0
04-4 19 4.3 166.0
04-4 19 4.3 152.0
04-4 19 1.7 178.0
04-4 19 0.9 180.0
04-4 19 6.1 169.0
04-4 20 2.6 179.0
04-4 20 3.5 140.0
04-4 20 0.0 162.0
04-4 20 0.9 137.0
04-4 20 0.9 165.0
04-4 20 3.5 127.0
04-4 20 1.7 170.0
04-4 20 0.9 152.0
04-4 20 1.7 181.0
04-4 20 3.5 166.0
04-4 20 6.1 103.0
04-4 20 4.3 138.0
04-4 20 7.8 109.0
04-4 20 2.6 165.0
04-4 20 5.2 141.0
04-4 20 7.8 108.0
04-4 20 5.2 148.0
04-4 20 8.7 111.0
04-4 20 6.1 101.0
04-4 20 4.3 110.0
04-4 20 7.0 114.0
04-4 20 4.3 135.0
04-4 20 4.3 94.0
04-4 20 3.5 125.0
04-4 20 6.1 91.0
04-4 20 4.3 166.0
04-4 20 6.1 142.0
04-4 20 7.8 113.0
04-4 20 5.2 129.0
04-4 20 4.3 116.0
04-4 21 9.6 116.0
04-4 21 8.7 101.0
04-4 21 7.0 111.0
04-4 21 7.0 118.0
04-4 21 7.8 104.0
04-4 21 6.1 108.0
04-4 21 7.0 101.0
04-4 21 8.7 101.0
04-4 21 5.2 133.0
04-4 21 7.8 120.0
04-4 21 2.6 114.0
04-4 21 4.3 79.0
04-4 21 6.1 108.0
04-4 21 4.3 116.0
04-4 21 7.0 115.0
04-4 21 2.6 101.0
04-4 21 3.5 110.0
04-4 21 6.1 96.0
04-4 21 3.5 147.0
04-4 21 5.2 139.0
04-4 21 7.0 108.0
04-4 21 4.3 100.0
04-4 21 2.6 115.0
04-4 21 2.6 123.0
04-4 21 7.0 107.0
04-4 21 6.1 108.0
04-4 21 3.5 109.0
04-4 21 3.5 126.0
04-4 21 7.0 115.0
04-4 21 5.2 95.0
04-4 22 2.6 131.0
04-4 22 0.9 112.0
04-4 22 1.7 111.0
04-4 22 1.7 86.0
04-4 22 1.7 88.0
04-4 22 2.6 122.0
04-4 22 0.9 154.0
04-4 22 3.5 105.0
04-4 22 0.0 93.0
04-4 22 0.9 91.0
04-4 22 0.9 91.0
04-4 22 0.9 91.0
04-4 22 2.6 88.0
04-4 22 7.0 87.0
04-4 22 1.7 60.0
04-4 22 6.1 83.0
04-4 22 0.9 83.0
04-4 22 2.6 82.0
04-4 22 4.3 72.0
04-4 22 2.6 73.0
04-4 22 6.1 64.0
04-4 22 2.6 64.0
04-4 22 7.0 78.0
04-4 22 6.1 51.0
04-4 22 6.1 45.0
04-4 22 4.3 64.0
04-4 22 6.1 53.0
04-4 22 1.7 79.0
04-4 22 4.3 66.0
04-4 22 7.8 69.0
04-4 23 5.2 94.0
04-4 23 4.3 116.0
04-4 23 3.5 75.0
04-4 23 0.9 70.0
04-4 23 3.5 66.0
04-4 23 0.9 73.0
04-4 23 1.7 29.0
04-4 23 4.3 81.0
04-4 23 0.9 82.0
04-4 23 5.2 132.0
04-4 23 1.7 107.0
04-4 23 6.1 139.0
04-4 23 1.7 126.0
04-4 23 2.6 125.0
04-4 23 7.0 92.0
04-4 23 1.7 156.0
04-4 23 2.6 127.0
04-4 23 1.7 104.0
04-4 23 1.7 86.0
04-4 23 3.5 112.0
04-4 23 6.1 181.0
04-4 23 8.7 110.0
04-4 23 4.3 114.0
04-4 23 5.2 93.0
04-4 23 6.1 100.0
04-4 23 4.3 104.0
04-4 23 4.3 87.0
04-4 23 6.1 101.0
04-4 23 7.0 113.0
04-4 23 2.6 102.0
