04-5 5 0.9 120.0
04-5 5 0.9 112.0
04-5 5 1.7 359.0
04-5 5 0.9 112.0
04-5 5 1.7 117.0
04-5 5 1.7 112.0
04-5 5 0.9 359.0
04-5 5 0.9 109.0
04-5 5 0.0 119.0
04-5 5 0.9 110.0
04-5 5 0.0 359.0
04-5 5 0.0 120.0
04-5 5 0.0 109.0
04-5 5 0.0 116.0
04-5 5 0.0 110.0
04-5 5 0.0 112.0
04-5 5 0.0 113.0
04-5 5 0.0 110.0
04-5 5 0.0 109.0
04-5 5 0.0 112.0
04-5 5 0.0 120.0
04-5 5 0.0 112.0
04-5 5 0.0 110.0
04-5 5 0.0 109.0
04-5 5 0.9 114.0
04-5 5 0.9 113.0
04-5 5 0.0 110.0
04-5 5 0.9 109.0
04-5 5 1.7 114.0
04-5 5 0.0 359.0
04-5 6 1.7 110.0
04-5 6 0.9 112.0
04-5 6 0.0 113.0
04-5 6 0.9 112.0
04-5 6 0.9 120.0
04-5 6 0.9 111.0
04-5 6 1.7 117.0
04-5 6 0.9 110.0
04-5 6 1.7 110.0
04-5 6 1.7 113.0
04-5 6 1.7 114.0
04-5 6 0.0 112.0
04-5 6 1.7 110.0
04-5 6 3.5 359.0
04-5 6 3.5 359.0
04-5 6 2.6 359.0
04-5 6 2.6 112.0
04-5 6 1.7 111.0
04-5 6 2.6 359.0
04-5 6 2.6 118.0
04-5 6 2.6 109.0
04-5 6 3.5 114.0
04-5 6 3.5 111.0
04-5 6 1.7 110.0
04-5 6 3.5 110.0
04-5 6 2.6 359.0
04-5 6 4.3 117.0
04-5 6 1.7 110.0
04-5 6 2.6 116.0
04-5 6 3.5 117.0
04-5 7 1.7 112.0
04-5 7 1.7 116.0
04-5 7 2.6 112.0
04-5 7 1.7 116.0
04-5 7 3.5 110.0
04-5 7 0.9 359.0
04-5 7 0.9 114.0
04-5 7 2.6 109.0
04-5 7 1.7 110.0
04-5 7 1.7 108.0
04-5 7 2.6 108.0
04-5 7 1.7 109.0
04-5 7 2.6 359.0
04-5 7 2.6 108.0
04-5 7 1.7 108.0
04-5 7 0.9 108.0
04-5 7 2.6 109.0
04-5 7 2.6 109.0
04-5 7 1.7 108.0
04-5 7 2.6 108.0
04-5 7 1.7 112.0
04-5 7 1.7 109.0
04-5 7 0.0 114.0
04-5 7 0.9 111.0
04-5 7 0.9 114.0
04-5 7 0.9 114.0
04-5 7 0.9 112.0
04-5 7 0.0 110.0
04-5 7 0.0 113.0
04-5 7 0.0 112.0
04-5 8 1.7 110.0
04-5 8 0.9 108.0
04-5 8 0.9 110.0
04-5 8 1.7 110.0
04-5 8 2.6 110.0
04-5 8 3.5 113.0
04-5 8 2.6 89.0
04-5 8 1.7 90.0
04-5 8 1.7 93.0
04-5 8 0.9 91.0
04-5 8 2.6 91.0
04-5 8 1.7 92.0
04-5 8 0.9 90.0
04-5 8 1.7 91.0
04-5 8 1.7 90.0
04-5 8 0.0 90.0
04-5 8 1.7 93.0
04-5 8 1.7 90.0
04-5 8 1.7 89.0
04-5 8 0.9 93.0
04-5 8 0.0 91.0
04-5 8 0.0 91.0
04-5 8 1.7 91.0
04-5 8 1.7 92.0
04-5 8 1.7 89.0
04-5 8 2.6 90.0
04-5 8 2.6 91.0
04-5 8 2.6 90.0
04-5 8 2.6 89.0
04-5 8 0.9 89.0
04-5 9 0.0 90.0
04-5 9 0.9 90.0
04-5 9 1.7 90.0
04-5 9 1.7 90.0
04-5 9 1.7 90.0
04-5 9 1.7 90.0
04-5 9 0.9 90.0
04-5 9 0.9 90.0
04-5 9 2.6 90.0
04-5 9 1.7 90.0
04-5 9 1.7 90.0
04-5 9 0.0 89.0
04-5 9 0.9 90.0
04-5 9 0.9 90.0
04-5 9 1.7 90.0
04-5 9 0.9 89.0
04-5 9 0.9 90.0
04-5 9 0.9 89.0
04-5 9 1.7 89.0
04-5 9 0.9 89.0
04-5 9 1.7 90.0
04-5 9 2.6 89.0
04-5 9 1.7 89.0
04-5 9 1.7 89.0
04-5 9 0.9 89.0
04-5 9 0.9 89.0
04-5 9 0.9 89.0
04-5 9 0.9 89.0
04-5 9 0.9 89.0
04-5 9 1.7 89.0
04-5 10 1.7 89.0
04-5 10 0.0 89.0
04-5 10 0.9 89.0
04-5 10 0.9 89.0
04-5 10 0.9 89.0
04-5 10 0.0 89.0
04-5 10 0.0 89.0
04-5 10 0.0 89.0
04-5 10 1.7 89.0
04-5 10 1.7 89.0
04-5 10 1.7 89.0
04-5 10 1.7 89.0
04-5 10 1.7 89.0
04-5 10 0.9 89.0
04-5 10 0.9 89.0
04-5 10 0.0 89.0
04-5 10 0.0 89.0
04-5 10 0.9 89.0
04-5 10 0.9 89.0
04-5 10 0.9 89.0
04-5 10 1.7 89.0
04-5 10 1.7 89.0
04-5 10 0.9 89.0
04-5 10 1.7 89.0
04-5 10 1.7 89.0
04-5 10 1.7 89.0
04-5 10 0.9 89.0
04-5 10 1.7 89.0
04-5 10 1.7 89.0
04-5 10 1.7 89.0
04-5 11 0.9 89.0
04-5 11 0.9 89.0
04-5 11 0.0 89.0
04-5 11 0.0 89.0
04-5 11 0.0 89.0
04-5 11 0.0 89.0
04-5 11 1.7 89.0
04-5 11 0.9 89.0
04-5 11 1.7 89.0
04-5 11 0.9 89.0
04-5 11 1.7 89.0
04-5 11 1.7 89.0
04-5 11 2.6 91.0
04-5 11 4.3 237.0
04-5 11 4.3 251.0
04-5 11 4.3 257.0
04-5 11 4.3 256.0
04-5 11 1.7 247.0
04-5 11 2.6 254.0
04-5 11 4.3 242.0
04-5 11 4.3 243.0
04-5 11 3.5 247.0
04-5 11 1.7 258.0
04-5 11 4.3 245.0
04-5 11 4.3 245.0
04-5 11 5.2 245.0
04-5 11 5.2 235.0
04-5 11 5.2 242.0
04-5 11 3.5 240.0
04-5 11 4.3 244.0
04-5 12 3.5 243.0
04-5 12 3.5 235.0
04-5 12 4.3 245.0
04-5 12 4.3 246.0
04-5 12 5.2 245.0
04-5 12 3.5 247.0
04-5 12 4.3 254.0
04-5 12 3.5 250.0
04-5 12 4.3 253.0
04-5 12 5.2 249.0
04-5 12 4.3 246.0
04-5 12 4.3 258.0
04-5 12 5.2 248.0
04-5 12 3.5 258.0
04-5 12 3.5 274.0
04-5 12 5.2 258.0
04-5 12 5.2 256.0
04-5 12 4.3 254.0
04-5 12 5.2 266.0
04-5 12 2.6 268.0
04-5 12 2.6 258.0
04-5 12 1.7 270.0
04-5 12 1.7 276.0
04-5 12 0.9 285.0
04-5 12 3.5 278.0
04-5 12 1.7 284.0
04-5 12 0.0 287.0
04-5 12 1.7 287.0
04-5 12 3.5 295.0
04-5 12 4.3 21.0
04-5 13 3.5 52.0
04-5 13 4.3 48.0
04-5 13 4.3 58.0
04-5 13 7.0 65.0
04-5 13 3.5 68.0
04-5 13 4.3 69.0
04-5 13 2.6 67.0
04-5 13 1.7 68.0
04-5 13 1.7 68.0
04-5 13 3.5 67.0
04-5 13 2.6 67.0
04-5 13 0.9 67.0
04-5 13 0.0 67.0
04-5 13 3.5 67.0
04-5 13 6.1 75.0
04-5 13 7.0 251.0
04-5 13 5.2 260.0
04-5 13 5.2 235.0
04-5 13 4.3 242.0
04-5 13 3.5 247.0
04-5 13 4.3 246.0
04-5 13 3.5 258.0
04-5 13 3.5 262.0
04-5 13 3.5 261.0
04-5 13 0.9 237.0
04-5 13 2.6 245.0
04-5 13 3.5 220.0
04-5 13 2.6 222.0
04-5 13 0.9 195.0
04-5 13 4.3 193.0
04-5 14 1.7 218.0
04-5 14 6.1 228.0
04-5 14 7.0 206.0
04-5 14 6.1 212.0
04-5 14 4.3 212.0
04-5 14 8.7 216.0
04-5 14 7.0 220.0
04-5 14 4.3 224.0
04-5 14 5.2 217.0
04-5 14 1.7 226.0
04-5 14 6.1 192.0
04-5 14 3.5 173.0
04-5 14 0.9 167.0
04-5 14 1.7 183.0
04-5 14 3.5 228.0
04-5 14 5.2 233.0
04-5 14 2.6 142.0
04-5 14 1.7 137.0
04-5 14 3.5 249.0
04-5 14 4.3 189.0
04-5 14 2.6 193.0
04-5 14 1.7 203.0
04-5 14 3.5 194.0
04-5 14 3.5 203.0
04-5 14 6.1 197.0
04-5 14 3.5 202.0
04-5 14 2.6 187.0
04-5 14 6.1 212.0
04-5 14 6.1 206.0
04-5 14 6.1 185.0
04-5 15 7.0 240.0
04-5 15 0.9 168.0
04-5 15 1.7 168.0
04-5 15 0.9 163.0
04-5 15 5.2 158.0
04-5 15 1.7 51.0
04-5 15 2.6 152.0
04-5 15 2.6 149.0
04-5 15 2.6 157.0
04-5 15 2.6 136.0
04-5 15 10.4 153.0
04-5 15 5.2 154.0
04-5 15 2.6 160.0
04-5 15 2.6 160.0
04-5 15 3.5 154.0
04-5 15 1.7 177.0
04-5 15 6.1 212.0
04-5 15 10.4 181.0
04-5 15 7.0 134.0
04-5 15 4.3 178.0
04-5 15 0.9 139.0
04-5 15 2.6 130.0
04-5 15 7.0 166.0
04-5 15 3.5 146.0
04-5 15 3.5 174.0
04-5 15 2.6 127.0
04-5 15 4.3 152.0
04-5 15 3.5 152.0
04-5 15 2.6 200.0
04-5 15 3.5 193.0
04-5 16 6.1 184.0
04-5 16 0.0 116.0
04-5 16 4.3 127.0
04-5 16 0.0 168.0
04-5 16 4.3 176.0
04-5 16 6.1 208.0
04-5 16 1.7 128.0
04-5 16 3.5 177.0
04-5 16 5.2 89.0
04-5 16 1.7 155.0
04-5 16 8.7 162.0
04-5 16 6.1 154.0
04-5 16 1.7 137.0
04-5 16 4.3 125.0
04-5 16 4.3 108.0
04-5 16 2.6 102.0
04-5 16 2.6 129.0
04-5 16 7.0 152.0
04-5 16 7.8 165.0
04-5 16 6.1 177.0
04-5 16 2.6 157.0
04-5 16 1.7 116.0
04-5 16 1.7 189.0
04-5 16 4.3 183.0
04-5 16 5.2 173.0
04-5 16 5.2 163.0
04-5 16 2.6 186.0
04-5 16 3.5 141.0
04-5 16 2.6 174.0
04-5 16 2.6 191.0
04-5 17 4.3 162.0
04-5 17 6.1 160.0
04-5 17 2.6 129.0
04-5 17 5.2 187.0
04-5 17 3.5 153.0
04-5 17 5.2 181.0
04-5 17 4.3 189.0
04-5 17 1.7 166.0
04-5 17 5.2 177.0
04-5 17 0.9 188.0
04-5 17 7.8 93.0
04-5 17 0.9 108.0
04-5 17 3.5 109.0
04-5 17 4.3 104.0
04-5 17 3.5 116.0
04-5 17 7.0 106.0
04-5 17 10.4 102.0
04-5 17 3.5 113.0
04-5 17 3.5 129.0
04-5 17 1.7 161.0
04-5 17 5.2 96.0
04-5 17 5.2 83.0
04-5 17 4.3 76.0
04-5 17 6.1 111.0
04-5 17 2.6 149.0
04-5 17 7.0 103.0
04-5 17 10.4 104.0
04-5 17 9.6 96.0
04-5 17 6.1 100.0
04-5 17 4.3 83.0
04-5 18 5.2 158.0
04-5 18 4.3 112.0
04-5 18 3.5 141.0
04-5 18 2.6 116.0
04-5 18 7.0 141.0
04-5 18 5.2 130.0
04-5 18 7.0 133.0
04-5 18 6.1 118.0
04-5 18 2.6 104.0
04-5 18 3.5 121.0
04-5 18 6.1 114.0
04-5 18 1.7 147.0
04-5 18 5.2 95.0
04-5 18 0.9 140.0
04-5 18 2.6 98.0
04-5 18 6.1 100.0
04-5 18 6.1 110.0
04-5 18 6.1 122.0
04-5 18 7.0 112.0
04-5 18 6.1 121.0
04-5 18 4.3 164.0
04-5 18 2.6 93.0
04-5 18 6.1 110.0
04-5 18 6.1 87.0
04-5 18 7.0 85.0
04-5 18 0.0 80.0
04-5 18 1.7 177.0
04-5 18 6.1 104.0
04-5 18 1.7 102.0
04-5 18 2.6 103.0
04-5 19 0.0 101.0
04-5 19 4.3 101.0
04-5 19 3.5 70.0
04-5 19 3.5 72.0
04-5 19 1.7 68.0
04-5 19 3.5 66.0
04-5 19 0.9 67.0
04-5 19 6.1 77.0
04-5 19 4.3 86.0
04-5 19 7.8 91.0
04-5 19 5.2 84.0
04-5 19 7.8 85.0
