05-4 5 5.2 132.0
05-4 5 6.1 160.0
05-4 5 8.7 145.0
05-4 5 6.1 170.0
05-4 5 3.5 175.0
05-4 5 5.2 123.0
05-4 5 7.0 117.0
05-4 5 6.1 127.0
05-4 5 15.6 108.0
05-4 5 6.1 133.0
05-4 5 7.8 152.0
05-4 5 6.1 156.0
05-4 5 1.7 158.0
05-4 5 4.3 144.0
05-4 5 5.2 133.0
05-4 5 1.7 152.0
05-4 5 2.6 129.0
05-4 5 4.3 152.0
05-4 5 7.8 111.0
05-4 5 6.1 139.0
05-4 5 7.8 113.0
05-4 5 4.3 120.0
05-4 5 8.7 151.0
05-4 5 1.7 103.0
05-4 5 3.5 149.0
05-4 5 4.3 101.0
05-4 5 6.1 102.0
05-4 5 4.3 131.0
05-4 5 7.0 116.0
05-4 5 8.7 107.0
05-4 6 7.0 127.0
05-4 6 7.8 109.0
05-4 6 7.8 108.0
05-4 6 5.2 123.0
05-4 6 7.8 116.0
05-4 6 4.3 122.0
05-4 6 12.2 118.0
05-4 6 8.7 138.0
05-4 6 6.1 102.0
05-4 6 8.7 145.0
05-4 6 8.7 100.0
05-4 6 7.0 127.0
05-4 6 7.0 119.0
05-4 6 7.8 106.0
05-4 6 7.0 124.0
05-4 6 9.6 125.0
05-4 6 7.8 104.0
05-4 6 2.6 112.0
05-4 6 7.0 179.0
05-4 6 1.7 145.0
05-4 6 5.2 166.0
05-4 6 6.1 113.0
05-4 6 7.8 90.0
05-4 6 3.5 136.0
05-4 6 3.5 161.0
05-4 6 0.9 124.0
05-4 6 5.2 167.0
05-4 6 8.7 112.0
05-4 6 6.1 127.0
05-4 6 5.2 151.0
05-4 7 2.6 189.0
05-4 7 9.6 110.0
05-4 7 5.2 184.0
05-4 7 7.8 168.0
05-4 7 6.1 192.0
05-4 7 6.1 140.0
05-4 7 8.7 160.0
05-4 7 8.7 100.0
05-4 7 7.8 116.0
05-4 7 7.8 141.0
05-4 7 8.7 142.0
05-4 7 11.3 131.0
05-4 7 13.9 118.0
05-4 7 9.6 143.0
05-4 7 7.0 128.0
05-4 7 8.7 175.0
05-4 7 16.5 112.0
05-4 7 5.2 160.0
05-4 7 5.2 177.0
05-4 7 6.1 187.0
05-4 7 9.6 136.0
05-4 7 7.8 139.0
05-4 7 6.1 135.0
05-4 7 13.0 112.0
05-4 7 5.2 154.0
05-4 7 12.2 158.0
05-4 7 7.0 163.0
05-4 7 8.7 135.0
05-4 7 12.2 135.0
05-4 7 7.8 160.0
05-4 8 6.1 156.0
05-4 8 7.8 117.0
05-4 8 9.6 115.0
05-4 8 8.7 136.0
05-4 8 9.6 168.0
05-4 8 10.4 144.0
05-4 8 8.7 167.0
05-4 8 10.4 142.0
05-4 8 7.8 141.0
05-4 8 13.0 102.0
05-4 8 10.4 142.0
05-4 8 7.8 137.0
05-4 8 8.7 116.0
05-4 8 12.2 129.0
05-4 8 5.2 170.0
05-4 8 9.6 134.0
05-4 8 13.9 102.0
05-4 8 13.0 102.0
05-4 8 10.4 129.0
05-4 8 12.2 129.0
05-4 8 13.0 129.0
05-4 8 16.5 139.0
05-4 8 21.7 156.0
05-4 8 8.7 118.0
05-4 8 11.3 179.0
05-4 8 11.3 111.0
05-4 8 19.1 206.0
05-4 8 13.9 125.0
05-4 8 10.4 127.0
05-4 8 20.0 144.0
05-4 9 8.7 72.0
05-4 9 12.2 165.0
05-4 9 13.0 148.0
05-4 9 10.4 141.0
05-4 9 20.0 121.0
05-4 9 11.3 154.0
05-4 9 18.2 106.0
05-4 9 10.4 156.0
05-4 9 13.0 89.0
05-4 9 9.6 145.0
05-4 9 8.7 194.0
05-4 9 12.2 148.0
05-4 9 12.2 135.0
05-4 9 20.9 118.0
05-4 9 14.8 145.0
05-4 9 3.5 48.0
05-4 9 14.8 155.0
05-4 9 4.3 142.0
05-4 9 11.3 170.0
05-4 9 11.3 112.0
05-4 9 11.3 154.0
05-4 9 13.9 139.0
05-4 9 15.6 146.0
05-4 9 13.0 110.0
05-4 9 10.4 132.0
05-4 9 14.8 100.0
05-4 9 12.2 125.0
05-4 9 19.1 135.0
05-4 9 8.7 153.0
05-4 9 5.2 90.0
05-4 10 13.9 110.0
05-4 10 12.2 130.0
05-4 10 13.0 121.0
05-4 10 12.2 207.0
05-4 10 11.3 172.0
05-4 10 12.2 183.0
05-4 10 9.6 159.0
05-4 10 13.0 156.0
05-4 10 13.9 115.0
05-4 10 6.1 218.0
05-4 10 10.4 117.0
05-4 10 12.2 162.0
05-4 10 9.6 96.0
05-4 10 13.0 162.0
05-4 10 12.2 142.0
05-4 10 13.9 144.0
05-4 10 10.4 185.0
05-4 10 13.9 156.0
05-4 10 13.9 148.0
05-4 10 7.8 214.0
05-4 10 18.2 135.0
05-4 10 3.5 166.0
05-4 10 9.6 185.0
05-4 10 14.8 142.0
05-4 10 13.9 129.0
05-4 10 9.6 129.0
05-4 10 16.5 153.0
05-4 10 9.6 104.0
05-4 10 12.2 129.0
05-4 10 5.2 218.0
05-4 11 14.8 135.0
05-4 11 9.6 154.0
05-4 11 15.6 127.0
05-4 11 9.6 152.0
05-4 11 11.3 87.0
05-4 11 6.1 132.0
05-4 11 19.1 162.0
05-4 11 7.0 143.0
05-4 11 10.4 120.0
05-4 11 14.8 162.0
05-4 11 13.0 100.0
05-4 11 10.4 125.0
05-4 11 16.5 132.0
05-4 11 13.9 127.0
05-4 11 9.6 145.0
05-4 11 9.6 143.0
05-4 11 8.7 172.0
05-4 11 16.5 159.0
05-4 11 10.4 182.0
05-4 11 12.2 141.0
05-4 11 11.3 97.0
05-4 11 14.8 131.0
05-4 11 7.8 143.0
05-4 11 16.5 154.0
05-4 11 6.1 142.0
05-4 11 5.2 203.0
05-4 11 14.8 160.0
05-4 11 9.6 152.0
05-4 11 15.6 162.0
05-4 11 11.3 125.0
05-4 12 7.8 162.0
05-4 12 15.6 133.0
05-4 12 13.9 87.0
05-4 12 12.2 141.0
05-4 12 6.1 141.0
05-4 12 17.4 105.0
05-4 12 11.3 90.0
05-4 12 15.6 141.0
05-4 12 20.9 160.0
05-4 12 16.5 175.0
05-4 12 13.0 137.0
05-4 12 9.6 147.0
05-4 12 7.8 156.0
05-4 12 9.6 149.0
05-4 12 18.2 134.0
05-4 12 9.6 162.0
05-4 12 8.7 133.0
05-4 12 14.8 112.0
05-4 12 8.7 121.0
05-4 12 11.3 112.0
05-4 12 17.4 100.0
05-4 12 13.0 135.0
05-4 12 7.8 124.0
05-4 12 12.2 145.0
05-4 12 7.0 166.0
05-4 12 9.6 129.0
05-4 12 6.1 132.0
05-4 12 10.4 147.0
05-4 12 11.3 154.0
05-4 12 12.2 120.0
05-4 13 7.0 171.0
05-4 13 19.1 127.0
05-4 13 13.0 143.0
05-4 13 6.1 129.0
05-4 13 14.8 157.0
05-4 13 4.3 83.0
05-4 13 9.6 147.0
05-4 13 7.8 127.0
05-4 13 10.4 164.0
05-4 13 5.2 127.0
05-4 13 7.0 156.0
05-4 13 10.4 181.0
05-4 13 4.3 183.0
05-4 13 7.0 108.0
05-4 13 2.6 50.0
05-4 13 7.0 164.0
05-4 13 8.7 170.0
05-4 13 2.6 92.0
05-4 13 9.6 144.0
05-4 13 8.7 103.0
05-4 13 12.2 95.0
05-4 13 6.1 85.0
05-4 13 16.5 143.0
05-4 13 11.3 63.0
05-4 13 14.8 124.0
05-4 13 4.3 147.0
05-4 13 7.8 135.0
05-4 13 6.1 195.0
05-4 13 4.3 178.0
05-4 13 12.2 77.0
05-4 14 6.1 172.0
05-4 14 6.1 187.0
05-4 14 6.1 156.0
05-4 14 7.0 171.0
05-4 14 8.7 148.0
05-4 14 7.8 186.0
05-4 14 7.0 86.0
05-4 14 8.7 121.0
05-4 14 12.2 152.0
05-4 14 11.3 130.0
05-4 14 9.6 157.0
05-4 14 5.2 188.0
05-4 14 13.9 156.0
05-4 14 7.0 152.0
05-4 14 13.0 106.0
05-4 14 4.3 177.0
05-4 14 8.7 169.0
05-4 14 1.7 102.0
05-4 14 5.2 243.0
05-4 14 18.2 144.0
05-4 14 4.3 199.0
05-4 14 10.4 156.0
05-4 14 4.3 133.0
05-4 14 3.5 141.0
05-4 14 13.0 148.0
05-4 14 7.8 128.0
05-4 14 8.7 138.0
05-4 14 6.1 167.0
05-4 14 0.9 50.0
05-4 14 7.8 168.0
05-4 15 9.6 110.0
05-4 15 7.8 164.0
05-4 15 7.0 180.0
05-4 15 6.1 137.0
05-4 15 3.5 122.0
05-4 15 18.2 110.0
05-4 15 6.1 82.0
05-4 15 3.5 114.0
05-4 15 9.6 145.0
05-4 15 4.3 137.0
05-4 15 6.1 189.0
05-4 15 4.3 136.0
05-4 15 6.1 156.0
05-4 15 7.0 162.0
05-4 15 7.8 183.0
05-4 15 6.1 108.0
05-4 15 3.5 137.0
05-4 15 9.6 74.0
05-4 15 9.6 105.0
05-4 15 6.1 145.0
05-4 15 12.2 114.0
05-4 15 5.2 168.0
05-4 15 9.6 190.0
05-4 15 3.5 189.0
05-4 15 4.3 195.0
05-4 15 10.4 152.0
05-4 15 4.3 149.0
05-4 15 7.8 152.0
05-4 15 7.8 160.0
05-4 15 2.6 164.0
05-4 16 7.8 160.0
05-4 16 7.8 125.0
05-4 16 6.1 172.0
05-4 16 14.8 152.0
05-4 16 5.2 179.0
05-4 16 13.0 96.0
05-4 16 8.7 188.0
05-4 16 9.6 108.0
05-4 16 8.7 155.0
05-4 16 6.1 156.0
05-4 16 9.6 137.0
05-4 16 14.8 154.0
05-4 16 6.1 157.0
05-4 16 7.8 164.0
05-4 16 3.5 152.0
05-4 16 4.3 160.0
05-4 16 10.4 148.0
05-4 16 7.8 157.0
05-4 16 7.0 106.0
05-4 16 3.5 154.0
05-4 16 6.1 100.0
05-4 16 5.2 130.0
05-4 16 12.2 106.0
05-4 16 7.0 112.0
05-4 16 2.6 180.0
05-4 16 7.8 95.0
05-4 16 8.7 144.0
05-4 16 11.3 129.0
05-4 16 13.0 128.0
05-4 16 11.3 170.0
05-4 17 4.3 100.0
05-4 17 8.7 132.0
05-4 17 7.8 134.0
05-4 17 8.7 131.0
05-4 17 13.0 119.0
05-4 17 8.7 125.0
05-4 17 10.4 148.0
05-4 17 5.2 179.0
05-4 17 7.0 159.0
05-4 17 6.1 108.0
05-4 17 6.1 112.0
05-4 17 3.5 122.0
05-4 17 6.1 107.0
05-4 17 2.6 218.0
05-4 17 8.7 100.0
05-4 17 4.3 100.0
05-4 17 1.7 133.0
05-4 17 5.2 144.0
05-4 17 11.3 98.0
05-4 17 3.5 127.0
05-4 17 7.8 85.0
05-4 17 7.0 89.0
05-4 17 1.7 97.0
05-4 17 12.2 122.0
05-4 17 6.1 109.0
05-4 17 5.2 187.0
05-4 17 7.0 106.0
05-4 17 5.2 85.0
05-4 17 5.2 140.0
05-4 17 12.2 111.0
05-4 18 5.2 82.0
05-4 18 6.1 101.0
05-4 18 11.3 114.0
05-4 18 6.1 89.0
05-4 18 11.3 116.0
05-4 18 12.2 97.0
05-4 18 7.8 77.0
05-4 18 2.6 126.0
05-4 18 0.9 139.0
05-4 18 1.7 131.0
05-4 18 3.5 114.0
05-4 18 6.1 111.0
05-4 18 10.4 105.0
05-4 18 6.1 140.0
05-4 18 7.0 111.0
05-4 18 11.3 109.0
05-4 18 6.1 125.0
05-4 18 6.1 129.0
05-4 18 7.0 83.0
05-4 18 3.5 64.0
05-4 18 5.2 79.0
05-4 18 2.6 103.0
05-4 18 7.8 89.0
05-4 18 7.8 110.0
05-4 18 11.3 75.0
05-4 18 9.6 110.0
05-4 18 8.7 114.0
05-4 18 10.4 112.0
05-4 18 10.4 114.0
05-4 18 6.1 85.0
05-4 19 13.9 103.0
05-4 19 12.2 74.0
05-4 19 13.0 93.0
05-4 19 14.8 86.0
05-4 19 7.8 100.0
05-4 19 7.8 120.0
05-4 19 7.8 93.0
05-4 19 8.7 112.0
05-4 19 11.3 106.0
05-4 19 9.6 91.0
05-4 19 9.6 87.0
05-4 19 10.4 106.0
05-4 19 7.8 120.0
05-4 19 11.3 99.0
05-4 19 8.7 100.0
05-4 19 14.8 88.0
05-4 19 6.1 66.0
05-4 19 11.3 118.0
05-4 19 12.2 96.0
05-4 19 15.6 103.0
05-4 19 12.2 116.0
05-4 19 13.0 95.0
05-4 19 18.2 110.0
05-4 19 11.3 85.0
05-4 19 13.0 93.0
05-4 19 13.9 102.0
05-4 19 9.6 102.0
05-4 19 12.2 81.0
05-4 19 9.6 97.0
05-4 19 13.9 93.0
05-4 20 14.8 74.0
05-4 20 10.4 101.0
05-4 20 13.0 87.0
05-4 20 9.6 106.0
05-4 20 8.7 51.0
05-4 20 11.3 87.0
05-4 20 13.0 116.0
05-4 20 12.2 92.0
05-4 20 16.5 97.0
05-4 20 12.2 88.0
05-4 20 12.2 104.0
05-4 20 8.7 79.0
05-4 20 14.8 91.0
05-4 20 8.7 81.0
05-4 20 9.6 87.0
05-4 20 9.6 76.0
05-4 20 7.0 89.0
05-4 20 8.7 110.0
05-4 20 8.7 91.0
05-4 20 7.8 111.0
05-4 20 11.3 91.0
05-4 20 14.8 100.0
05-4 20 9.6 79.0
05-4 20 13.0 118.0
05-4 20 10.4 118.0
05-4 20 7.8 78.0
05-4 20 7.8 80.0
05-4 20 7.0 86.0
05-4 20 7.8 100.0
05-4 20 11.3 112.0
05-4 21 8.7 102.0
05-4 21 9.6 91.0
05-4 21 11.3 106.0
05-4 21 7.8 116.0
05-4 21 12.2 107.0
05-4 21 14.8 111.0
05-4 21 12.2 93.0
05-4 21 12.2 127.0
05-4 21 7.8 103.0
05-4 21 9.6 115.0
05-4 21 11.3 110.0
05-4 21 13.0 82.0
05-4 21 13.9 110.0
05-4 21 7.8 115.0
05-4 21 12.2 90.0
05-4 21 6.1 70.0
05-4 21 8.7 103.0
05-4 21 9.6 119.0
05-4 21 9.6 95.0
05-4 21 13.0 95.0
05-4 21 9.6 84.0
05-4 21 9.6 90.0
05-4 21 6.1 91.0
05-4 21 5.2 87.0
05-4 21 9.6 107.0
05-4 21 5.2 91.0
05-4 21 6.1 92.0
05-4 21 4.3 73.0
05-4 21 7.0 89.0
05-4 21 7.0 94.0
05-4 22 7.0 96.0
05-4 22 5.2 85.0
05-4 22 5.2 87.0
05-4 22 6.1 79.0
05-4 22 6.1 89.0
05-4 22 6.1 91.0
05-4 22 6.1 109.0
05-4 22 2.6 89.0
05-4 22 4.3 71.0
05-4 22 5.2 93.0
05-4 22 2.6 79.0
05-4 22 5.2 89.0
05-4 22 5.2 79.0
05-4 22 4.3 85.0
05-4 22 4.3 93.0
05-4 22 5.2 90.0
05-4 22 2.6 87.0
05-4 22 4.3 83.0
05-4 22 2.6 89.0
05-4 22 5.2 93.0
05-4 22 5.2 100.0
05-4 22 5.2 95.0
05-4 22 2.6 83.0
05-4 22 4.3 97.0
05-4 22 5.2 81.0
05-4 22 5.2 87.0
05-4 22 5.2 82.0
05-4 22 5.2 92.0
05-4 22 3.5 70.0
05-4 22 3.5 77.0
05-4 23 5.2 92.0
05-4 23 4.3 85.0
05-4 23 2.6 91.0
05-4 23 4.3 74.0
05-4 23 4.3 87.0
05-4 23 1.7 86.0
05-4 23 2.6 75.0
05-4 23 0.9 83.0
05-4 23 1.7 95.0
05-4 23 1.7 75.0
05-4 23 1.7 77.0
05-4 23 1.7 77.0
05-4 23 3.5 104.0
05-4 23 5.2 87.0
05-4 23 2.6 91.0
05-4 23 2.6 81.0
05-4 23 5.2 97.0
05-4 23 3.5 68.0
05-4 23 4.3 77.0
05-4 23 2.6 72.0
05-4 23 5.2 53.0
05-4 23 5.2 85.0
05-4 23 7.0 96.0
05-4 23 11.3 87.0
05-4 23 7.8 101.0
05-4 23 4.3 112.0
05-4 23 5.2 125.0
05-4 23 0.9 101.0
05-4 23 1.7 101.0
05-4 23 2.6 102.0
