06-4 5 7.0 95.0
06-4 5 7.0 87.0
06-4 5 7.8 91.0
06-4 5 7.8 89.0
06-4 5 8.7 105.0
06-4 5 8.7 105.0
06-4 5 8.7 98.0
06-4 5 8.7 102.0
06-4 5 7.8 90.0
06-4 5 11.3 101.0
06-4 5 10.4 101.0
06-4 5 9.6 111.0
06-4 5 9.6 106.0
06-4 5 12.2 106.0
06-4 5 8.7 100.0
06-4 5 8.7 104.0
06-4 5 11.3 114.0
06-4 5 9.6 100.0
06-4 5 11.3 92.0
06-4 5 7.8 112.0
06-4 5 6.1 105.0
06-4 5 7.8 104.0
06-4 5 7.8 102.0
06-4 5 8.7 102.0
06-4 5 7.8 99.0
06-4 5 9.6 122.0
06-4 5 7.8 105.0
06-4 6 7.0 112.0
06-4 6 7.0 102.0
06-4 6 7.0 108.0
06-4 6 8.7 106.0
06-4 6 8.7 102.0
06-4 6 7.8 103.0
06-4 6 7.8 110.0
06-4 6 7.0 89.0
06-4 6 7.8 114.0
06-4 6 7.0 114.0
06-4 6 8.7 119.0
06-4 6 9.6 117.0
06-4 6 6.1 122.0
06-4 6 7.8 120.0
06-4 6 9.6 96.0
06-4 6 7.8 99.0
06-4 6 8.7 94.0
06-4 6 7.0 88.0
06-4 6 8.7 89.0
06-4 6 9.6 108.0
06-4 6 7.8 79.0
06-4 6 7.0 97.0
06-4 6 9.6 106.0
06-4 6 6.1 95.0
06-4 6 7.8 95.0
06-4 6 7.0 92.0
06-4 6 5.2 83.0
06-4 6 6.1 73.0
06-4 7 9.6 106.0
06-4 7 7.0 73.0
06-4 7 7.8 92.0
06-4 7 7.0 91.0
06-4 7 7.8 95.0
06-4 7 5.2 87.0
06-4 7 7.0 91.0
06-4 7 7.8 79.0
06-4 7 7.0 85.0
06-4 7 6.1 95.0
06-4 7 7.0 99.0
06-4 7 6.1 91.0
06-4 7 6.1 92.0
06-4 7 6.1 83.0
06-4 7 5.2 83.0
06-4 7 3.5 64.0
06-4 7 2.6 74.0
06-4 7 1.7 29.0
06-4 7 5.2 21.0
06-4 7 7.8 17.0
06-4 7 7.8 27.0
06-4 7 6.1 27.0
06-4 7 6.1 27.0
06-4 7 5.2 24.0
06-4 7 6.1 31.0
06-4 7 2.6 62.0
06-4 7 6.1 45.0
06-4 7 3.5 63.0
06-4 7 1.7 40.0
06-4 7 5.2 37.0
06-4 8 4.3 54.0
06-4 8 5.2 80.0
06-4 8 7.0 39.0
06-4 8 7.0 39.0
06-4 8 7.8 56.0
06-4 8 6.1 48.0
06-4 8 7.0 45.0
06-4 8 7.8 48.0
06-4 8 7.0 64.0
06-4 8 6.1 75.0
06-4 8 7.0 35.0
06-4 8 6.1 33.0
06-4 8 6.1 57.0
06-4 8 5.2 50.0
06-4 8 3.5 54.0
06-4 8 7.0 63.0
06-4 8 6.1 55.0
06-4 8 4.3 45.0
06-4 8 2.6 87.0
06-4 8 4.3 64.0
06-4 8 7.0 85.0
06-4 8 5.2 54.0
06-4 8 7.8 50.0
06-4 8 6.1 71.0
06-4 8 3.5 114.0
06-4 8 4.3 66.0
06-4 8 6.1 86.0
06-4 8 8.7 75.0
06-4 8 8.7 83.0
06-4 8 8.7 81.0
06-4 9 7.0 91.0
06-4 9 5.2 92.0
06-4 9 7.8 77.0
06-4 9 4.3 62.0
06-4 9 4.3 54.0
06-4 9 3.5 23.0
06-4 9 7.8 58.0
06-4 9 0.9 64.0
06-4 9 1.7 58.0
06-4 9 5.2 84.0
06-4 9 7.8 91.0
06-4 9 5.2 87.0
06-4 9 7.8 22.0
06-4 9 3.5 14.0
06-4 9 7.0 57.0
06-4 9 2.6 73.0
06-4 9 8.7 82.0
06-4 9 6.1 72.0
06-4 9 11.3 102.0
06-4 9 9.6 138.0
06-4 9 9.6 102.0
06-4 9 6.1 114.0
06-4 9 6.1 96.0
06-4 9 5.2 85.0
06-4 9 3.5 120.0
06-4 9 4.3 87.0
06-4 9 3.5 131.0
06-4 9 6.1 106.0
06-4 9 7.0 127.0
06-4 9 4.3 143.0
06-4 10 11.3 95.0
06-4 10 8.7 151.0
06-4 10 8.7 107.0
06-4 10 6.1 111.0
06-4 10 3.5 162.0
06-4 10 7.0 158.0
06-4 10 5.2 169.0
06-4 10 10.4 105.0
06-4 10 4.3 100.0
06-4 10 7.8 106.0
06-4 10 6.1 185.0
06-4 10 7.0 125.0
06-4 10 3.5 143.0
06-4 10 12.2 99.0
06-4 10 4.3 127.0
06-4 10 4.3 145.0
06-4 10 7.0 149.0
06-4 10 10.4 110.0
06-4 10 9.6 122.0
06-4 10 4.3 108.0
06-4 10 4.3 144.0
06-4 10 1.7 165.0
06-4 10 11.3 115.0
06-4 10 2.6 176.0
06-4 10 7.8 102.0
06-4 10 4.3 188.0
06-4 10 5.2 137.0
06-4 10 12.2 117.0
06-4 10 5.2 124.0
06-4 10 7.8 125.0
06-4 11 12.2 110.0
06-4 11 1.7 90.0
06-4 11 7.0 175.0
06-4 11 7.8 97.0
06-4 11 5.2 170.0
06-4 11 4.3 133.0
06-4 11 7.0 148.0
06-4 11 9.6 136.0
06-4 11 8.7 99.0
06-4 11 5.2 127.0
06-4 11 7.0 116.0
06-4 11 7.8 132.0
06-4 11 8.7 118.0
06-4 11 7.0 146.0
06-4 11 12.2 97.0
06-4 11 5.2 81.0
06-4 11 6.1 168.0
06-4 11 2.6 164.0
06-4 11 6.1 141.0
06-4 11 3.5 162.0
06-4 11 2.6 195.0
06-4 11 7.8 160.0
06-4 11 8.7 69.0
06-4 11 4.3 170.0
06-4 11 3.5 149.0
06-4 11 10.4 137.0
06-4 11 7.0 152.0
06-4 11 5.2 91.0
06-4 11 10.4 165.0
06-4 11 5.2 154.0
06-4 12 4.3 154.0
06-4 12 13.9 133.0
06-4 12 12.2 146.0
06-4 12 6.1 135.0
06-4 12 10.4 149.0
06-4 12 7.8 104.0
06-4 12 11.3 137.0
06-4 12 9.6 149.0
06-4 12 4.3 149.0
06-4 12 5.2 168.0
06-4 12 8.7 147.0
06-4 12 6.1 199.0
06-4 12 7.0 149.0
06-4 12 4.3 125.0
06-4 12 5.2 174.0
06-4 12 10.4 160.0
06-4 12 14.8 128.0
06-4 12 7.0 142.0
06-4 12 9.6 89.0
06-4 12 4.3 83.0
06-4 12 7.0 137.0
06-4 12 5.2 129.0
06-4 12 9.6 110.0
06-4 12 6.1 153.0
06-4 12 9.6 145.0
06-4 12 9.6 137.0
06-4 12 7.8 99.0
06-4 12 7.8 162.0
06-4 12 7.8 195.0
06-4 12 6.1 106.0
06-4 13 7.8 109.0
06-4 13 9.6 171.0
06-4 13 5.2 132.0
06-4 13 7.8 104.0
06-4 13 4.3 175.0
06-4 13 10.4 108.0
06-4 13 7.0 88.0
06-4 13 4.3 207.0
06-4 13 7.0 168.0
06-4 13 8.7 165.0
06-4 13 14.8 122.0
06-4 13 2.6 134.0
06-4 13 9.6 134.0
06-4 13 8.7 111.0
06-4 13 11.3 115.0
06-4 13 14.8 110.0
06-4 13 9.6 123.0
06-4 13 7.8 201.0
06-4 13 18.2 114.0
06-4 13 10.4 117.0
06-4 13 13.9 127.0
06-4 13 21.7 97.0
06-4 13 13.0 103.0
06-4 13 11.3 85.0
06-4 13 16.5 110.0
06-4 13 16.5 119.0
06-4 13 11.3 119.0
06-4 13 13.9 120.0
06-4 13 13.0 116.0
06-4 13 13.0 102.0
06-4 14 12.2 147.0
06-4 14 10.4 107.0
06-4 14 13.9 104.0
06-4 14 12.2 95.0
06-4 14 12.2 128.0
06-4 14 15.6 82.0
06-4 14 8.7 95.0
06-4 14 13.0 102.0
06-4 14 11.3 93.0
06-4 14 10.4 131.0
06-4 14 7.0 101.0
06-4 14 8.7 106.0
06-4 14 8.7 117.0
06-4 14 5.2 130.0
06-4 14 4.3 138.0
06-4 14 3.5 159.0
06-4 14 11.3 94.0
06-4 14 7.0 143.0
06-4 14 4.3 135.0
06-4 14 13.0 118.0
06-4 14 8.7 96.0
06-4 14 4.3 114.0
06-4 14 11.3 116.0
06-4 14 6.1 156.0
06-4 14 9.6 114.0
06-4 14 8.7 97.0
06-4 14 6.1 138.0
06-4 14 4.3 103.0
06-4 14 2.6 124.0
06-4 14 3.5 127.0
06-4 15 9.6 153.0
06-4 15 8.7 158.0
06-4 15 6.1 95.0
06-4 15 7.0 116.0
06-4 15 6.1 89.0
06-4 15 11.3 97.0
06-4 15 6.1 86.0
06-4 15 4.3 106.0
06-4 15 7.8 64.0
06-4 15 7.8 104.0
06-4 15 7.0 102.0
06-4 15 8.7 97.0
06-4 15 8.7 98.0
06-4 15 14.8 105.0
06-4 15 10.4 103.0
06-4 15 13.0 87.0
06-4 15 11.3 125.0
06-4 15 16.5 96.0
06-4 15 9.6 112.0
06-4 15 12.2 102.0
06-4 15 18.2 111.0
06-4 15 13.9 118.0
06-4 15 8.7 154.0
06-4 15 9.6 95.0
06-4 15 9.6 182.0
06-4 15 10.4 156.0
06-4 15 7.0 185.0
06-4 15 9.6 125.0
06-4 15 7.0 91.0
06-4 15 13.9 113.0
06-4 16 4.3 173.0
06-4 16 8.7 112.0
06-4 16 7.0 140.0
06-4 16 13.9 97.0
06-4 16 8.7 122.0
06-4 16 10.4 121.0
06-4 16 14.8 89.0
06-4 16 5.2 126.0
06-4 16 2.6 107.0
06-4 16 7.0 153.0
06-4 16 4.3 146.0
06-4 16 11.3 101.0
06-4 16 9.6 93.0
06-4 16 4.3 110.0
06-4 16 9.6 123.0
06-4 16 7.8 118.0
06-4 16 8.7 144.0
06-4 16 6.1 156.0
06-4 16 13.9 111.0
06-4 16 6.1 157.0
06-4 16 11.3 118.0
06-4 16 9.6 122.0
06-4 16 1.7 114.0
06-4 16 7.8 129.0
06-4 16 9.6 112.0
06-4 16 12.2 95.0
06-4 16 13.9 101.0
06-4 16 11.3 105.0
06-4 16 13.0 107.0
06-4 16 8.7 109.0
06-4 17 10.4 138.0
06-4 17 6.1 142.0
06-4 17 9.6 121.0
06-4 17 14.8 84.0
06-4 17 16.5 107.0
06-4 17 10.4 114.0
06-4 17 8.7 147.0
06-4 17 11.3 115.0
06-4 17 10.4 121.0
06-4 17 14.8 125.0
06-4 17 14.8 115.0
06-4 17 10.4 102.0
06-4 17 12.2 79.0
06-4 17 11.3 102.0
06-4 17 13.9 110.0
06-4 17 12.2 111.0
06-4 17 8.7 103.0
06-4 17 13.9 92.0
06-4 17 13.0 96.0
06-4 17 16.5 107.0
06-4 17 13.9 87.0
06-4 17 10.4 119.0
06-4 17 13.0 154.0
06-4 17 19.1 108.0
06-4 17 12.2 101.0
06-4 17 13.0 97.0
06-4 17 8.7 118.0
06-4 17 8.7 107.0
06-4 17 7.0 95.0
06-4 17 14.8 102.0
06-4 18 15.6 156.0
06-4 18 11.3 110.0
06-4 18 7.8 114.0
06-4 18 9.6 90.0
06-4 18 9.6 166.0
06-4 18 12.2 91.0
06-4 18 9.6 151.0
06-4 18 6.1 118.0
06-4 18 12.2 124.0
06-4 18 9.6 127.0
06-4 18 12.2 103.0
06-4 18 13.0 102.0
06-4 18 13.9 95.0
06-4 18 9.6 126.0
06-4 18 7.0 135.0
06-4 18 10.4 114.0
06-4 18 12.2 110.0
06-4 18 11.3 108.0
06-4 18 7.0 149.0
06-4 18 5.2 169.0
06-4 18 3.5 155.0
06-4 18 7.0 93.0
06-4 18 13.9 110.0
06-4 18 9.6 125.0
06-4 18 7.0 127.0
06-4 18 9.6 106.0
06-4 18 10.4 108.0
06-4 18 9.6 122.0
06-4 18 9.6 107.0
06-4 18 13.0 93.0
06-4 19 12.2 85.0
06-4 19 8.7 85.0
06-4 19 8.7 89.0
06-4 19 9.6 106.0
06-4 19 6.1 123.0
06-4 19 9.6 93.0
06-4 19 7.8 131.0
06-4 19 12.2 100.0
06-4 19 10.4 108.0
06-4 19 7.0 65.0
06-4 19 14.8 119.0
06-4 19 4.3 70.0
06-4 19 8.7 81.0
06-4 19 8.7 81.0
06-4 19 7.8 82.0
06-4 19 13.0 121.0
06-4 19 13.9 95.0
06-4 19 8.7 104.0
06-4 19 5.2 95.0
06-4 19 7.0 98.0
06-4 19 6.1 95.0
06-4 19 8.7 93.0
06-4 19 12.2 104.0
06-4 19 8.7 80.0
06-4 19 9.6 91.0
06-4 19 8.7 83.0
06-4 19 15.6 113.0
06-4 19 8.7 93.0
06-4 19 7.8 91.0
06-4 19 5.2 25.0
06-4 20 7.0 84.0
06-4 20 1.7 33.0
06-4 20 7.0 79.0
06-4 20 9.6 96.0
06-4 20 7.0 29.0
06-4 20 3.5 135.0
06-4 20 12.2 77.0
06-4 20 4.3 25.0
06-4 20 5.2 129.0
06-4 20 4.3 31.0
06-4 20 3.5 75.0
06-4 20 11.3 85.0
06-4 20 6.1 41.0
06-4 20 7.0 44.0
06-4 20 6.1 46.0
06-4 20 2.6 23.0
06-4 20 3.5 58.0
06-4 20 4.3 62.0
06-4 20 3.5 60.0
06-4 20 4.3 73.0
06-4 20 1.7 38.0
06-4 20 7.0 52.0
06-4 20 6.1 70.0
06-4 20 4.3 81.0
06-4 20 5.2 37.0
06-4 20 7.0 73.0
06-4 20 4.3 57.0
06-4 20 0.9 59.0
06-4 20 6.1 67.0
06-4 20 7.8 78.0
06-4 21 0.9 105.0
06-4 21 6.1 66.0
06-4 21 4.3 56.0
06-4 21 9.6 76.0
06-4 21 3.5 59.0
06-4 21 4.3 95.0
06-4 21 0.0 113.0
06-4 21 8.7 62.0
06-4 21 5.2 33.0
06-4 21 0.9 65.0
06-4 21 4.3 81.0
06-4 21 4.3 83.0
06-4 21 6.1 75.0
06-4 21 7.8 66.0
06-4 21 6.1 99.0
06-4 21 2.6 43.0
06-4 21 4.3 76.0
06-4 21 1.7 38.0
06-4 21 3.5 51.0
06-4 21 4.3 75.0
06-4 21 4.3 60.0
06-4 21 4.3 38.0
06-4 21 3.5 17.0
06-4 21 4.3 52.0
06-4 21 2.6 31.0
06-4 21 5.2 18.0
06-4 21 4.3 55.0
06-4 21 5.2 33.0
06-4 21 4.3 29.0
06-4 21 5.2 35.0
06-4 22 5.2 27.0
06-4 22 6.1 31.0
06-4 22 5.2 36.0
06-4 22 6.1 42.0
06-4 22 5.2 35.0
06-4 22 3.5 15.0
06-4 22 2.6 37.0
06-4 22 5.2 29.0
06-4 22 4.3 27.0
06-4 22 4.3 36.0
06-4 22 5.2 45.0
06-4 22 5.2 44.0
06-4 22 5.2 40.0
06-4 22 3.5 60.0
06-4 22 3.5 64.0
06-4 22 4.3 63.0
06-4 22 4.3 68.0
06-4 22 5.2 82.0
06-4 22 4.3 81.0
06-4 22 7.0 82.0
06-4 22 6.1 83.0
06-4 22 2.6 60.0
06-4 22 4.3 79.0
06-4 22 3.5 66.0
06-4 22 3.5 67.0
06-4 22 7.0 70.0
06-4 22 0.9 58.0
06-4 22 3.5 131.0
06-4 22 9.6 74.0
06-4 22 9.6 95.0
06-4 23 9.6 97.0
06-4 23 8.7 107.0
06-4 23 8.7 102.0
06-4 23 6.1 103.0
06-4 23 9.6 85.0
06-4 23 6.1 82.0
06-4 23 4.3 118.0
06-4 23 7.8 108.0
06-4 23 1.7 64.0
06-4 23 12.2 107.0
06-4 23 7.8 139.0
06-4 23 8.7 86.0
06-4 23 8.7 91.0
06-4 23 3.5 76.0
06-4 23 1.7 127.0
06-4 23 7.0 100.0
06-4 23 7.0 127.0
06-4 23 8.7 118.0
06-4 23 8.7 93.0
06-4 23 9.6 105.0
06-4 23 12.2 93.0
06-4 23 9.6 108.0
06-4 23 14.8 89.0
06-4 23 9.6 105.0
06-4 23 12.2 97.0
06-4 23 7.0 120.0
06-4 23 13.0 91.0
06-4 23 7.8 114.0
06-4 23 7.0 100.0
06-4 23 0.0 354.0
