07-4 5 4.3 108.0
07-4 5 4.3 99.0
07-4 5 6.1 93.0
07-4 5 6.1 84.0
07-4 5 7.8 110.0
07-4 5 4.3 120.0
07-4 5 3.5 152.0
07-4 5 6.1 90.0
07-4 5 6.1 85.0
07-4 5 6.1 92.0
07-4 5 4.3 106.0
07-4 5 4.3 101.0
07-4 5 6.1 95.0
07-4 5 6.1 90.0
07-4 5 6.1 91.0
07-4 5 5.2 89.0
07-4 5 6.1 112.0
07-4 5 5.2 93.0
07-4 5 5.2 89.0
07-4 5 6.1 89.0
07-4 5 4.3 88.0
07-4 5 6.1 83.0
07-4 5 6.1 97.0
07-4 5 5.2 89.0
07-4 5 5.2 93.0
07-4 5 4.3 97.0
07-4 5 6.1 80.0
07-4 5 5.2 79.0
07-4 5 2.6 66.0
07-4 5 6.1 79.0
07-4 6 5.2 81.0
07-4 6 3.5 71.0
07-4 6 0.9 48.0
07-4 6 2.6 79.0
07-4 6 2.6 48.0
07-4 6 0.9 58.0
07-4 6 3.5 48.0
07-4 6 3.5 65.0
07-4 6 2.6 64.0
07-4 6 7.8 83.0
07-4 6 6.1 70.0
07-4 6 4.3 73.0
07-4 6 4.3 73.0
07-4 6 2.6 60.0
07-4 6 4.3 18.0
07-4 6 3.5 29.0
07-4 6 3.5 41.0
07-4 6 2.6 12.0
07-4 6 4.3 66.0
07-4 6 5.2 80.0
07-4 6 7.8 95.0
07-4 6 7.0 87.0
07-4 6 7.0 75.0
07-4 6 7.0 101.0
07-4 6 5.2 80.0
07-4 6 7.0 112.0
07-4 6 7.0 95.0
07-4 6 6.1 91.0
07-4 6 6.1 97.0
07-4 6 5.2 87.0
07-4 7 7.0 91.0
07-4 7 7.8 96.0
07-4 7 7.8 97.0
07-4 7 7.0 85.0
07-4 7 6.1 90.0
07-4 7 6.1 91.0
07-4 7 9.6 106.0
07-4 7 7.0 104.0
07-4 7 7.0 94.0
07-4 7 7.0 103.0
07-4 7 4.3 114.0
07-4 7 9.6 108.0
07-4 7 6.1 107.0
07-4 7 7.0 106.0
07-4 7 6.1 89.0
07-4 7 7.0 102.0
07-4 7 8.7 95.0
07-4 7 11.3 112.0
07-4 7 6.1 101.0
07-4 7 7.8 93.0
07-4 7 7.0 85.0
07-4 7 6.1 105.0
07-4 7 7.8 101.0
07-4 7 7.0 101.0
07-4 7 6.1 89.0
07-4 7 7.0 103.0
07-4 7 7.8 100.0
07-4 7 7.0 83.0
07-4 7 6.1 96.0
07-4 7 4.3 83.0
07-4 8 5.2 89.0
07-4 8 7.0 102.0
07-4 8 7.8 97.0
07-4 8 4.3 106.0
07-4 8 6.1 97.0
07-4 8 5.2 92.0
07-4 8 7.8 92.0
07-4 8 7.0 95.0
07-4 8 7.0 85.0
07-4 8 6.1 73.0
07-4 8 7.0 87.0
07-4 8 7.0 73.0
07-4 8 5.2 55.0
07-4 8 6.1 77.0
07-4 8 6.1 8.0
07-4 8 9.6 56.0
07-4 8 7.0 73.0
07-4 8 3.5 47.0
07-4 8 7.0 100.0
07-4 8 8.7 91.0
07-4 8 7.0 86.0
07-4 8 8.7 82.0
07-4 8 8.7 93.0
07-4 8 7.0 74.0
07-4 8 6.1 79.0
07-4 8 7.8 87.0
07-4 8 6.1 100.0
07-4 8 7.0 93.0
07-4 8 7.8 95.0
07-4 8 8.7 90.0
07-4 9 7.0 101.0
07-4 9 3.5 77.0
07-4 9 7.0 97.0
07-4 9 7.8 85.0
07-4 9 7.8 97.0
07-4 9 6.1 97.0
07-4 9 6.1 113.0
07-4 9 7.0 102.0
07-4 9 6.1 116.0
07-4 9 6.1 114.0
07-4 9 7.0 104.0
07-4 9 5.2 127.0
07-4 9 2.6 134.0
07-4 9 3.5 123.0
07-4 9 4.3 149.0
07-4 9 3.5 106.0
07-4 9 7.0 117.0
07-4 9 6.1 112.0
07-4 9 6.1 114.0
07-4 9 4.3 93.0
07-4 9 0.9 22.0
07-4 9 1.7 55.0
07-4 9 5.2 51.0
07-4 9 4.3 67.0
07-4 9 2.6 58.0
07-4 9 5.2 47.0
07-4 9 5.2 37.0
07-4 9 5.2 27.0
07-4 9 7.8 35.0
07-4 9 6.1 44.0
07-4 10 6.1 43.0
07-4 10 5.2 39.0
07-4 10 3.5 38.0
07-4 10 4.3 35.0
07-4 10 5.2 33.0
07-4 10 5.2 28.0
07-4 10 2.6 30.0
07-4 10 3.5 33.0
07-4 10 4.3 32.0
07-4 10 2.6 31.0
07-4 10 2.6 32.0
07-4 10 1.7 64.0
07-4 10 3.5 43.0
07-4 10 2.6 39.0
07-4 10 3.5 56.0
07-4 10 0.0 11.0
07-4 10 2.6 102.0
07-4 10 5.2 96.0
07-4 10 4.3 100.0
07-4 10 3.5 120.0
07-4 10 4.3 114.0
07-4 10 5.2 91.0
07-4 10 4.3 104.0
07-4 10 4.3 120.0
07-4 10 7.8 93.0
07-4 10 5.2 128.0
07-4 10 4.3 96.0
07-4 10 6.1 116.0
07-4 10 7.8 96.0
07-4 10 8.7 108.0
07-4 11 8.7 97.0
07-4 11 7.0 96.0
07-4 11 7.0 104.0
07-4 11 4.3 135.0
07-4 11 7.0 133.0
07-4 11 6.1 136.0
07-4 11 6.1 122.0
07-4 11 8.7 97.0
07-4 11 8.7 79.0
07-4 11 6.1 106.0
07-4 11 6.1 85.0
07-4 11 7.8 86.0
07-4 11 7.8 89.0
07-4 11 11.3 100.0
07-4 11 7.0 113.0
07-4 11 8.7 105.0
07-4 11 1.7 174.0
07-4 11 12.2 105.0
07-4 11 11.3 125.0
07-4 11 10.4 144.0
07-4 11 7.8 139.0
07-4 11 8.7 110.0
07-4 11 9.6 122.0
07-4 11 14.8 122.0
07-4 11 9.6 98.0
07-4 11 6.1 117.0
07-4 11 8.7 120.0
07-4 11 13.0 107.0
07-4 11 11.3 130.0
07-4 11 8.7 110.0
07-4 12 7.0 122.0
07-4 12 6.1 102.0
07-4 12 7.8 127.0
07-4 12 11.3 120.0
07-4 12 5.2 129.0
07-4 12 12.2 116.0
07-4 12 11.3 121.0
07-4 12 13.9 112.0
07-4 12 12.2 112.0
07-4 12 4.3 89.0
07-4 12 12.2 116.0
07-4 12 2.6 151.0
07-4 12 3.5 120.0
07-4 12 10.4 116.0
07-4 12 13.0 105.0
07-4 12 4.3 125.0
07-4 12 8.7 99.0
07-4 12 8.7 100.0
07-4 12 12.2 165.0
07-4 12 5.2 157.0
07-4 12 7.8 164.0
07-4 12 0.9 137.0
07-4 12 6.1 163.0
07-4 12 6.1 160.0
07-4 12 5.2 172.0
07-4 12 16.5 119.0
07-4 12 0.9 137.0
07-4 12 3.5 160.0
07-4 12 3.5 102.0
07-4 12 4.3 151.0
07-4 13 6.1 117.0
07-4 13 3.5 133.0
07-4 13 6.1 143.0
07-4 13 3.5 182.0
07-4 13 12.2 142.0
07-4 13 6.1 180.0
07-4 13 15.6 119.0
07-4 13 9.6 172.0
07-4 13 3.5 23.0
07-4 13 13.0 120.0
07-4 13 8.7 104.0
07-4 13 8.7 148.0
07-4 13 7.8 119.0
07-4 13 7.0 137.0
07-4 13 9.6 141.0
07-4 13 12.2 187.0
07-4 13 4.3 58.0
07-4 13 10.4 149.0
07-4 13 6.1 152.0
07-4 13 8.7 112.0
07-4 13 7.0 123.0
07-4 13 8.7 138.0
07-4 13 8.7 106.0
07-4 13 13.0 112.0
07-4 13 9.6 119.0
07-4 13 9.6 191.0
07-4 13 12.2 147.0
07-4 13 12.2 85.0
07-4 13 12.2 105.0
07-4 13 6.1 134.0
07-4 14 7.8 121.0
07-4 14 13.0 99.0
07-4 14 8.7 112.0
07-4 14 6.1 128.0
07-4 14 10.4 120.0
07-4 14 11.3 112.0
07-4 14 5.2 142.0
07-4 14 10.4 143.0
07-4 14 7.8 117.0
07-4 14 4.3 105.0
07-4 14 7.8 135.0
07-4 14 7.8 107.0
07-4 14 10.4 122.0
07-4 14 6.1 184.0
07-4 14 6.1 132.0
07-4 14 8.7 115.0
07-4 14 7.0 93.0
07-4 14 12.2 137.0
07-4 14 12.2 98.0
07-4 14 7.8 120.0
07-4 14 12.2 131.0
07-4 14 7.0 96.0
07-4 14 4.3 214.0
07-4 14 14.8 118.0
07-4 14 18.2 112.0
07-4 14 15.6 97.0
07-4 14 7.0 119.0
07-4 14 11.3 134.0
07-4 14 9.6 111.0
07-4 14 5.2 87.0
07-4 15 7.8 102.0
07-4 15 4.3 152.0
07-4 15 10.4 107.0
07-4 15 8.7 115.0
07-4 15 1.7 104.0
07-4 15 6.1 132.0
07-4 15 8.7 110.0
07-4 15 10.4 118.0
07-4 15 8.7 106.0
07-4 15 7.8 154.0
07-4 15 5.2 123.0
07-4 15 7.8 105.0
07-4 15 8.7 128.0
07-4 15 9.6 135.0
07-4 15 9.6 98.0
07-4 15 10.4 131.0
07-4 15 5.2 98.0
07-4 15 6.1 115.0
07-4 15 7.8 113.0
07-4 15 6.1 99.0
07-4 15 11.3 97.0
07-4 15 11.3 164.0
07-4 15 8.7 102.0
07-4 15 8.7 86.0
07-4 15 9.6 94.0
07-4 15 6.1 127.0
07-4 15 4.3 112.0
07-4 15 5.2 141.0
07-4 15 9.6 110.0
07-4 15 8.7 108.0
07-4 16 0.0 75.0
07-4 16 11.3 95.0
07-4 16 4.3 135.0
07-4 16 7.0 87.0
07-4 16 9.6 91.0
07-4 16 10.4 71.0
07-4 16 1.7 37.0
07-4 16 3.5 72.0
07-4 16 5.2 94.0
07-4 16 0.9 143.0
07-4 16 4.3 79.0
07-4 16 3.5 135.0
07-4 16 4.3 75.0
07-4 16 7.8 130.0
07-4 16 4.3 154.0
07-4 16 2.6 106.0
07-4 16 6.1 106.0
07-4 16 4.3 120.0
07-4 16 4.3 93.0
07-4 16 2.6 108.0
07-4 16 7.0 121.0
07-4 16 7.8 108.0
07-4 16 2.6 123.0
07-4 16 4.3 113.0
07-4 16 1.7 136.0
07-4 16 7.8 113.0
07-4 16 4.3 120.0
07-4 16 8.7 112.0
07-4 16 4.3 108.0
07-4 16 8.7 123.0
07-4 17 7.0 118.0
07-4 17 9.6 137.0
07-4 17 9.6 105.0
07-4 17 6.1 154.0
07-4 17 7.8 124.0
07-4 17 6.1 104.0
07-4 17 8.7 120.0
07-4 17 7.8 114.0
07-4 17 6.1 118.0
07-4 17 3.5 12.0
07-4 17 7.8 135.0
07-4 17 3.5 145.0
07-4 17 7.0 81.0
07-4 17 2.6 154.0
07-4 17 8.7 114.0
07-4 17 9.6 120.0
07-4 17 9.6 160.0
07-4 17 8.7 141.0
07-4 17 8.7 121.0
07-4 17 8.7 139.0
07-4 17 6.1 142.0
07-4 17 6.1 121.0
07-4 17 6.1 161.0
07-4 17 13.0 108.0
07-4 17 7.8 156.0
07-4 17 15.6 100.0
07-4 17 11.3 106.0
07-4 17 7.8 105.0
07-4 17 10.4 112.0
07-4 17 8.7 116.0
07-4 18 6.1 118.0
07-4 18 12.2 100.0
07-4 18 6.1 129.0
07-4 18 7.8 122.0
07-4 18 13.9 112.0
07-4 18 8.7 97.0
07-4 18 11.3 168.0
07-4 18 7.8 114.0
07-4 18 11.3 117.0
07-4 18 13.0 97.0
07-4 18 7.8 142.0
07-4 18 9.6 109.0
07-4 18 7.8 82.0
07-4 18 9.6 114.0
07-4 18 8.7 116.0
07-4 18 9.6 109.0
07-4 18 10.4 121.0
07-4 18 7.0 170.0
07-4 18 11.3 116.0
07-4 18 9.6 114.0
07-4 18 10.4 116.0
07-4 18 9.6 97.0
07-4 18 9.6 110.0
07-4 18 10.4 143.0
07-4 18 7.8 126.0
07-4 18 8.7 127.0
07-4 18 7.0 101.0
07-4 18 9.6 114.0
07-4 18 12.2 117.0
07-4 18 12.2 108.0
07-4 19 7.8 106.0
07-4 19 12.2 109.0
07-4 19 7.8 127.0
07-4 19 11.3 105.0
07-4 19 7.0 120.0
07-4 19 8.7 89.0
07-4 19 9.6 106.0
07-4 19 12.2 106.0
07-4 19 12.2 93.0
07-4 19 9.6 108.0
07-4 19 8.7 112.0
07-4 19 12.2 105.0
07-4 19 7.8 106.0
07-4 19 10.4 110.0
07-4 19 8.7 101.0
07-4 19 6.1 106.0
07-4 19 7.8 99.0
07-4 19 6.1 118.0
07-4 19 7.0 122.0
07-4 19 13.9 97.0
07-4 19 7.0 119.0
07-4 19 8.7 113.0
07-4 19 7.8 121.0
07-4 19 8.7 141.0
07-4 19 6.1 113.0
07-4 19 6.1 131.0
07-4 19 9.6 141.0
07-4 19 8.7 102.0
07-4 19 8.7 110.0
07-4 19 8.7 95.0
07-4 20 7.0 106.0
07-4 20 7.0 112.0
07-4 20 12.2 103.0
07-4 20 8.7 121.0
07-4 20 9.6 111.0
07-4 20 7.8 105.0
07-4 20 3.5 123.0
07-4 20 8.7 112.0
07-4 20 1.7 119.0
07-4 20 6.1 124.0
07-4 20 7.8 103.0
07-4 20 8.7 119.0
07-4 20 1.7 127.0
07-4 20 2.6 110.0
07-4 20 5.2 167.0
07-4 20 4.3 158.0
07-4 20 6.1 129.0
07-4 20 9.6 109.0
07-4 20 12.2 173.0
07-4 20 7.8 112.0
07-4 20 11.3 107.0
07-4 20 7.0 146.0
07-4 20 7.0 124.0
07-4 20 2.6 104.0
07-4 20 7.0 123.0
07-4 20 2.6 149.0
07-4 20 7.8 116.0
07-4 20 9.6 107.0
07-4 20 8.7 96.0
07-4 20 7.8 117.0
07-4 21 11.3 97.0
07-4 21 6.1 132.0
07-4 21 5.2 93.0
07-4 21 7.0 102.0
07-4 21 5.2 146.0
07-4 21 7.8 133.0
07-4 21 8.7 106.0
07-4 21 7.0 76.0
07-4 21 4.3 131.0
07-4 21 10.4 106.0
07-4 21 7.8 91.0
07-4 21 7.8 110.0
07-4 21 5.2 141.0
07-4 21 5.2 131.0
07-4 21 6.1 119.0
07-4 21 7.8 129.0
07-4 21 4.3 124.0
07-4 21 4.3 127.0
07-4 21 4.3 102.0
07-4 21 3.5 113.0
07-4 21 1.7 132.0
07-4 21 5.2 127.0
07-4 21 2.6 164.0
07-4 21 2.6 120.0
07-4 21 7.0 129.0
07-4 21 6.1 107.0
07-4 21 3.5 137.0
07-4 21 6.1 176.0
07-4 21 4.3 146.0
07-4 21 4.3 169.0
07-4 22 7.0 110.0
07-4 22 5.2 177.0
07-4 22 5.2 157.0
07-4 22 2.6 131.0
07-4 22 3.5 114.0
07-4 22 9.6 88.0
07-4 22 7.8 122.0
07-4 22 3.5 313.0
07-4 22 11.3 81.0
07-4 22 9.6 116.0
07-4 22 9.6 108.0
07-4 22 9.6 96.0
07-4 22 6.1 154.0
07-4 22 5.2 125.0
07-4 22 7.8 82.0
07-4 22 8.7 157.0
07-4 22 8.7 133.0
07-4 22 7.0 85.0
07-4 22 3.5 136.0
07-4 22 8.7 158.0
07-4 22 9.6 111.0
07-4 22 8.7 110.0
07-4 22 5.2 196.0
07-4 22 6.1 153.0
07-4 22 9.6 110.0
07-4 22 7.8 194.0
07-4 22 12.2 120.0
07-4 22 8.7 93.0
07-4 22 1.7 102.0
07-4 22 4.3 83.0
07-4 23 8.7 107.0
07-4 23 7.0 126.0
07-4 23 7.8 110.0
07-4 23 9.6 101.0
07-4 23 9.6 109.0
07-4 23 9.6 118.0
07-4 23 7.0 102.0
07-4 23 9.6 122.0
07-4 23 4.3 127.0
07-4 23 9.6 114.0
07-4 23 10.4 133.0
07-4 23 10.4 107.0
07-4 23 10.4 106.0
07-4 23 9.6 117.0
07-4 23 9.6 129.0
07-4 23 10.4 112.0
07-4 23 7.0 89.0
07-4 23 8.7 124.0
07-4 23 7.8 110.0
07-4 23 7.0 103.0
07-4 23 10.4 143.0
07-4 23 10.4 112.0
07-4 23 8.7 133.0
07-4 23 10.4 74.0
07-4 23 17.4 105.0
07-4 23 10.4 128.0
07-4 23 7.8 162.0
07-4 23 13.9 112.0
07-4 23 7.8 86.0
07-4 23 9.6 111.0
