08-4 5 8.7 113.0
08-4 5 11.3 85.0
08-4 5 3.5 75.0
08-4 5 8.7 110.0
08-4 5 6.1 89.0
08-4 5 7.0 106.0
08-4 5 8.7 56.0
08-4 5 1.7 30.0
08-4 5 2.6 41.0
08-4 5 7.8 17.0
08-4 5 7.0 45.0
08-4 5 1.7 63.0
08-4 5 7.8 48.0
08-4 5 3.5 37.0
08-4 5 1.7 55.0
08-4 5 2.6 81.0
08-4 5 0.9 26.0
08-4 5 3.5 56.0
08-4 5 0.0 26.0
08-4 5 0.0 81.0
08-4 5 0.9 88.0
08-4 5 2.6 47.0
08-4 5 3.5 75.0
08-4 5 1.7 29.0
08-4 5 2.6 40.0
08-4 5 1.7 33.0
08-4 5 0.9 13.0
08-4 5 6.1 112.0
08-4 5 0.9 29.0
08-4 5 5.2 28.0
08-4 6 4.3 110.0
08-4 6 8.7 83.0
08-4 6 6.1 40.0
08-4 6 6.1 75.0
08-4 6 2.6 62.0
08-4 6 1.7 56.0
08-4 6 4.3 4.0
08-4 6 2.6 8.0
08-4 6 5.2 79.0
08-4 6 0.9 121.0
08-4 6 3.5 50.0
08-4 6 0.9 50.0
08-4 6 1.7 50.0
08-4 6 1.7 50.0
08-4 6 0.9 52.0
08-4 6 2.6 84.0
08-4 6 2.6 70.0
08-4 6 4.3 79.0
08-4 6 5.2 93.0
08-4 6 7.0 93.0
08-4 6 4.3 102.0
08-4 6 2.6 53.0
08-4 6 2.6 60.0
08-4 6 1.7 64.0
08-4 6 2.6 66.0
08-4 6 2.6 66.0
08-4 6 5.2 90.0
08-4 6 1.7 97.0
08-4 6 7.0 108.0
08-4 6 7.8 89.0
08-4 7 6.1 106.0
08-4 7 1.7 119.0
08-4 7 7.0 99.0
08-4 7 1.7 71.0
08-4 7 2.6 95.0
08-4 7 2.6 108.0
08-4 7 10.4 101.0
08-4 7 5.2 91.0
08-4 7 7.8 99.0
08-4 7 7.8 96.0
08-4 7 3.5 105.0
08-4 7 4.3 79.0
08-4 7 6.1 109.0
08-4 7 7.0 83.0
08-4 7 4.3 75.0
08-4 7 7.0 127.0
08-4 7 2.6 104.0
08-4 7 5.2 96.0
08-4 7 0.9 40.0
08-4 7 3.5 110.0
08-4 7 5.2 123.0
08-4 7 5.2 127.0
08-4 7 0.9 66.0
08-4 7 4.3 43.0
08-4 7 4.3 89.0
08-4 7 7.8 106.0
08-4 7 6.1 115.0
08-4 7 4.3 114.0
08-4 7 10.4 122.0
08-4 7 6.1 117.0
08-4 8 10.4 116.0
08-4 8 8.7 141.0
08-4 8 9.6 130.0
08-4 8 7.0 81.0
08-4 8 5.2 52.0
08-4 8 7.0 77.0
08-4 8 10.4 115.0
08-4 8 5.2 79.0
08-4 8 6.1 144.0
08-4 8 7.0 97.0
08-4 8 6.1 87.0
08-4 8 9.6 103.0
08-4 8 7.8 158.0
08-4 8 7.8 149.0
08-4 8 7.0 113.0
08-4 8 11.3 105.0
08-4 8 12.2 131.0
08-4 8 13.0 114.0
08-4 8 10.4 124.0
08-4 8 11.3 112.0
08-4 8 14.8 105.0
08-4 8 9.6 174.0
08-4 8 12.2 108.0
08-4 8 7.0 107.0
08-4 8 10.4 125.0
08-4 8 8.7 183.0
08-4 8 12.2 127.0
08-4 8 12.2 154.0
08-4 8 11.3 174.0
08-4 8 7.0 106.0
08-4 9 3.5 169.0
08-4 9 10.4 169.0
08-4 9 12.2 94.0
08-4 9 10.4 260.0
08-4 9 4.3 158.0
08-4 9 7.0 154.0
08-4 9 9.6 98.0
08-4 9 7.0 152.0
08-4 9 5.2 168.0
08-4 9 3.5 112.0
08-4 9 15.6 154.0
08-4 9 3.5 163.0
08-4 9 16.5 147.0
08-4 9 10.4 152.0
08-4 9 6.1 162.0
08-4 9 12.2 95.0
08-4 9 17.4 162.0
08-4 9 13.0 132.0
08-4 9 15.6 146.0
08-4 9 5.2 136.0
08-4 9 11.3 146.0
08-4 9 11.3 122.0
08-4 9 11.3 155.0
08-4 9 12.2 154.0
08-4 9 9.6 146.0
08-4 9 11.3 101.0
08-4 9 9.6 136.0
08-4 9 7.0 168.0
08-4 9 7.8 131.0
08-4 9 16.5 156.0
08-4 10 12.2 120.0
08-4 10 7.0 114.0
08-4 10 10.4 114.0
08-4 10 3.5 144.0
08-4 10 7.8 164.0
08-4 10 7.8 134.0
08-4 10 7.0 181.0
08-4 10 13.0 97.0
08-4 10 11.3 107.0
08-4 10 10.4 149.0
08-4 10 4.3 64.0
08-4 10 10.4 154.0
08-4 10 7.8 158.0
08-4 10 13.0 112.0
08-4 10 13.9 106.0
08-4 10 11.3 116.0
08-4 10 12.2 129.0
08-4 10 4.3 127.0
08-4 10 13.0 120.0
08-4 10 11.3 120.0
08-4 10 7.8 156.0
08-4 10 13.0 120.0
08-4 10 15.6 130.0
08-4 10 10.4 161.0
08-4 10 12.2 97.0
08-4 10 14.8 118.0
08-4 10 12.2 139.0
08-4 10 19.1 111.0
08-4 10 10.4 146.0
08-4 10 12.2 120.0
08-4 11 10.4 127.0
08-4 11 5.2 123.0
08-4 11 20.0 156.0
08-4 11 15.6 121.0
08-4 11 13.0 127.0
08-4 11 16.5 119.0
08-4 11 13.0 129.0
08-4 11 19.1 121.0
08-4 11 16.5 111.0
08-4 11 20.9 96.0
08-4 11 13.9 152.0
08-4 11 10.4 120.0
08-4 11 13.0 178.0
08-4 11 11.3 162.0
08-4 11 10.4 138.0
08-4 11 6.1 134.0
08-4 11 13.0 174.0
08-4 11 9.6 147.0
08-4 11 21.7 129.0
08-4 11 14.8 120.0
08-4 11 20.9 129.0
08-4 11 16.5 154.0
08-4 11 10.4 72.0
08-4 11 20.0 102.0
08-4 11 14.8 102.0
08-4 11 13.0 121.0
08-4 11 16.5 152.0
08-4 11 11.3 131.0
08-4 11 8.7 131.0
08-4 11 15.6 135.0
08-4 12 9.6 128.0
08-4 12 12.2 154.0
08-4 12 14.8 127.0
08-4 12 18.2 117.0
08-4 12 2.6 99.0
08-4 12 13.0 83.0
08-4 12 11.3 171.0
08-4 12 13.9 93.0
08-4 12 10.4 106.0
08-4 12 4.3 193.0
08-4 12 6.1 211.0
08-4 12 9.6 154.0
08-4 12 12.2 152.0
08-4 12 6.1 161.0
08-4 12 15.6 141.0
08-4 12 5.2 187.0
08-4 12 7.0 131.0
08-4 12 9.6 147.0
08-4 12 13.0 80.0
08-4 12 18.2 151.0
08-4 12 6.1 164.0
08-4 12 7.0 97.0
08-4 12 12.2 125.0
08-4 12 11.3 134.0
08-4 12 12.2 148.0
08-4 12 8.7 146.0
08-4 12 6.1 187.0
08-4 12 10.4 126.0
08-4 12 6.1 173.0
08-4 12 13.0 122.0
08-4 13 11.3 87.0
08-4 13 8.7 74.0
08-4 13 15.6 137.0
08-4 13 7.8 120.0
08-4 13 3.5 247.0
08-4 13 19.1 116.0
08-4 13 12.2 150.0
08-4 13 7.0 186.0
08-4 13 8.7 141.0
08-4 13 15.6 167.0
08-4 13 6.1 183.0
08-4 13 13.9 137.0
08-4 13 14.8 115.0
08-4 13 13.0 88.0
08-4 13 5.2 185.0
08-4 13 13.0 139.0
08-4 13 8.7 149.0
08-4 13 13.0 137.0
08-4 13 13.9 151.0
08-4 13 7.0 162.0
08-4 13 9.6 184.0
08-4 13 19.1 108.0
08-4 13 7.0 147.0
08-4 13 7.8 174.0
08-4 13 16.5 118.0
08-4 13 21.7 131.0
08-4 13 10.4 155.0
08-4 13 15.6 142.0
08-4 13 11.3 127.0
08-4 13 13.9 166.0
08-4 14 7.8 193.0
08-4 14 6.1 147.0
08-4 14 12.2 115.0
08-4 14 6.1 170.0
08-4 14 10.4 168.0
08-4 14 7.0 179.0
08-4 14 8.7 89.0
08-4 14 6.1 149.0
08-4 14 7.0 170.0
08-4 14 9.6 141.0
08-4 14 9.6 166.0
08-4 14 9.6 104.0
08-4 14 7.8 158.0
08-4 14 8.7 141.0
08-4 14 3.5 144.0
08-4 14 10.4 138.0
08-4 14 9.6 139.0
08-4 14 8.7 158.0
08-4 14 12.2 127.0
08-4 14 9.6 135.0
08-4 14 6.1 161.0
08-4 14 12.2 96.0
08-4 14 9.6 70.0
08-4 14 10.4 119.0
08-4 14 7.8 146.0
08-4 14 13.9 151.0
08-4 14 5.2 217.0
08-4 14 7.8 161.0
08-4 14 13.9 127.0
08-4 14 13.0 132.0
08-4 15 13.0 108.0
08-4 15 10.4 152.0
08-4 15 8.7 184.0
08-4 15 5.2 247.0
08-4 15 12.2 174.0
08-4 15 11.3 122.0
08-4 15 8.7 177.0
08-4 15 16.5 162.0
08-4 15 10.4 144.0
08-4 15 9.6 177.0
08-4 15 12.2 143.0
08-4 15 22.6 147.0
08-4 15 7.0 131.0
08-4 15 6.1 102.0
08-4 15 11.3 125.0
08-4 15 11.3 86.0
08-4 15 10.4 119.0
08-4 15 19.1 133.0
08-4 15 11.3 97.0
08-4 15 20.9 127.0
08-4 15 19.1 106.0
08-4 15 14.8 65.0
08-4 15 14.8 95.0
08-4 15 29.5 104.0
08-4 15 14.8 123.0
08-4 15 11.3 151.0
08-4 15 9.6 116.0
08-4 15 20.0 152.0
08-4 15 9.6 141.0
08-4 15 8.7 179.0
08-4 16 7.8 129.0
08-4 16 25.2 134.0
08-4 16 16.5 146.0
08-4 16 10.4 145.0
08-4 16 14.8 149.0
08-4 16 26.9 141.0
08-4 16 9.6 168.0
08-4 16 3.5 174.0
08-4 16 4.3 177.0
08-4 16 15.6 142.0
08-4 16 13.0 128.0
08-4 16 8.7 160.0
08-4 16 20.0 120.0
08-4 16 20.0 127.0
08-4 16 19.1 118.0
08-4 16 18.2 133.0
08-4 16 14.8 132.0
08-4 16 12.2 111.0
08-4 16 20.0 147.0
08-4 16 10.4 170.0
08-4 16 7.8 147.0
08-4 16 14.8 178.0
08-4 16 7.8 166.0
08-4 16 16.5 140.0
08-4 16 14.8 109.0
08-4 16 12.2 115.0
08-4 16 20.9 110.0
08-4 16 9.6 118.0
08-4 16 16.5 154.0
08-4 16 5.2 126.0
08-4 17 18.2 158.0
08-4 17 18.2 113.0
08-4 17 16.5 131.0
08-4 17 11.3 147.0
08-4 17 11.3 122.0
08-4 17 7.0 150.0
08-4 17 14.8 156.0
08-4 17 7.8 166.0
08-4 17 13.0 115.0
08-4 17 16.5 119.0
08-4 17 19.1 145.0
08-4 17 8.7 148.0
08-4 17 12.2 134.0
08-4 17 8.7 89.0
08-4 17 13.0 129.0
08-4 17 19.1 107.0
08-4 17 15.6 100.0
08-4 17 16.5 113.0
08-4 17 7.0 185.0
08-4 17 9.6 110.0
08-4 17 14.8 117.0
08-4 17 20.0 109.0
08-4 17 8.7 135.0
08-4 17 15.6 154.0
08-4 17 15.6 136.0
08-4 17 16.5 144.0
08-4 17 11.3 132.0
08-4 17 9.6 130.0
08-4 17 12.2 139.0
08-4 17 16.5 118.0
08-4 18 10.4 158.0
08-4 18 19.1 112.0
08-4 18 20.0 113.0
08-4 18 25.2 112.0
08-4 18 15.6 120.0
08-4 18 8.7 160.0
08-4 18 11.3 135.0
08-4 18 10.4 130.0
08-4 18 7.0 135.0
08-4 18 10.4 124.0
08-4 18 20.0 143.0
08-4 18 19.1 133.0
08-4 18 16.5 133.0
08-4 18 13.9 154.0
08-4 18 26.9 120.0
08-4 18 29.5 125.0
08-4 18 27.8 109.0
08-4 18 8.7 73.0
08-4 18 19.1 182.0
08-4 18 13.9 114.0
08-4 18 16.5 115.0
08-4 18 17.4 152.0
08-4 18 27.8 115.0
08-4 18 14.8 102.0
08-4 18 17.4 105.0
08-4 18 26.9 131.0
08-4 18 5.2 129.0
08-4 18 17.4 160.0
08-4 18 11.3 99.0
08-4 18 19.1 157.0
08-4 19 26.1 114.0
08-4 19 12.2 150.0
08-4 19 14.8 166.0
08-4 19 28.7 111.0
08-4 19 14.8 97.0
08-4 19 13.0 98.0
08-4 19 13.0 170.0
08-4 19 12.2 145.0
08-4 19 27.8 103.0
08-4 19 15.6 123.0
08-4 19 9.6 152.0
08-4 19 21.7 106.0
08-4 19 21.7 106.0
08-4 19 13.9 137.0
08-4 19 6.1 226.0
08-4 19 13.9 141.0
08-4 19 11.3 112.0
08-4 19 11.3 154.0
08-4 19 8.7 138.0
08-4 19 4.3 79.0
08-4 19 21.7 125.0
08-4 19 15.6 164.0
08-4 19 27.8 118.0
08-4 19 20.0 114.0
08-4 19 17.4 95.0
08-4 19 14.8 105.0
08-4 19 7.8 147.0
08-4 19 13.0 120.0
08-4 19 7.8 159.0
08-4 19 14.8 147.0
08-4 20 15.6 126.0
08-4 20 29.5 161.0
08-4 20 25.2 104.0
08-4 20 16.5 121.0
08-4 20 22.6 109.0
08-4 20 12.2 139.0
08-4 20 19.1 122.0
08-4 20 19.1 155.0
08-4 20 19.1 114.0
08-4 20 20.9 108.0
08-4 20 20.0 79.0
08-4 20 12.2 142.0
08-4 20 11.3 62.0
08-4 20 17.4 145.0
08-4 20 12.2 120.0
08-4 20 13.0 149.0
08-4 20 14.8 158.0
08-4 20 10.4 156.0
08-4 20 7.0 137.0
08-4 20 21.7 133.0
08-4 20 17.4 121.0
08-4 20 13.9 152.0
08-4 20 16.5 152.0
08-4 20 18.2 108.0
08-4 20 3.5 210.0
08-4 20 8.7 140.0
08-4 20 11.3 66.0
08-4 20 18.2 120.0
08-4 20 20.0 161.0
08-4 20 7.0 93.0
08-4 21 18.2 129.0
08-4 21 14.8 214.0
08-4 21 26.9 102.0
08-4 21 20.0 151.0
08-4 21 7.8 110.0
08-4 21 14.8 164.0
08-4 21 13.9 143.0
08-4 21 15.6 93.0
08-4 21 20.0 74.0
08-4 21 6.1 198.0
08-4 21 7.8 218.0
08-4 21 22.6 140.0
08-4 21 18.2 127.0
08-4 21 15.6 127.0
08-4 21 4.3 163.0
08-4 21 24.3 141.0
08-4 21 10.4 143.0
08-4 21 9.6 127.0
08-4 21 18.2 181.0
08-4 21 17.4 129.0
08-4 21 24.3 87.0
08-4 21 17.4 146.0
08-4 21 15.6 137.0
08-4 21 13.0 131.0
08-4 21 20.0 123.0
08-4 21 13.9 145.0
08-4 21 7.8 129.0
08-4 21 15.6 112.0
08-4 21 8.7 193.0
08-4 21 7.0 151.0
08-4 22 22.6 129.0
08-4 22 22.6 116.0
08-4 22 16.5 172.0
08-4 22 16.5 143.0
08-4 22 13.9 166.0
08-4 22 16.5 142.0
08-4 22 18.2 176.0
08-4 22 20.9 125.0
08-4 22 20.9 114.0
08-4 22 13.9 179.0
08-4 22 22.6 123.0
08-4 22 11.3 153.0
08-4 22 9.6 84.0
08-4 22 17.4 131.0
08-4 22 21.7 125.0
08-4 22 20.0 141.0
08-4 22 19.1 54.0
08-4 22 22.6 102.0
08-4 22 11.3 162.0
08-4 22 10.4 191.0
08-4 22 7.0 181.0
08-4 22 15.6 151.0
08-4 22 15.6 141.0
08-4 22 7.0 116.0
08-4 22 14.8 185.0
08-4 22 13.0 124.0
08-4 22 14.8 133.0
08-4 22 14.8 187.0
08-4 22 7.8 141.0
08-4 22 22.6 118.0
08-4 23 18.2 150.0
08-4 23 24.3 125.0
08-4 23 16.5 117.0
08-4 23 11.3 183.0
08-4 23 11.3 175.0
08-4 23 20.0 108.0
08-4 23 10.4 110.0
08-4 23 15.6 135.0
08-4 23 12.2 160.0
08-4 23 14.8 127.0
08-4 23 28.7 93.0
08-4 23 8.7 111.0
08-4 23 24.3 135.0
08-4 23 14.8 102.0
08-4 23 21.7 110.0
08-4 23 22.6 126.0
08-4 23 8.7 154.0
08-4 23 26.1 108.0
08-4 23 13.9 176.0
08-4 23 18.2 145.0
08-4 23 11.3 151.0
08-4 23 11.3 172.0
08-4 23 32.2 139.0
08-4 23 15.6 127.0
08-4 23 17.4 139.0
08-4 23 8.7 206.0
08-4 23 13.0 173.0
08-4 23 21.7 147.0
08-4 23 9.6 122.0
08-4 23 15.6 159.0
