09-4 5 6.1 137.0
09-4 5 10.4 172.0
09-4 5 7.8 153.0
09-4 5 4.3 156.0
09-4 5 7.8 359.0
09-4 5 8.7 133.0
09-4 5 7.8 183.0
09-4 5 5.2 359.0
09-4 5 9.6 243.0
09-4 5 6.1 193.0
09-4 5 7.8 233.0
09-4 5 13.0 248.0
09-4 5 15.6 248.0
09-4 5 10.4 254.0
09-4 5 7.8 359.0
09-4 5 8.7 262.0
09-4 5 8.7 244.0
09-4 5 5.2 259.0
09-4 5 12.2 359.0
09-4 5 7.8 359.0
09-4 5 8.7 359.0
09-4 5 6.1 243.0
09-4 5 5.2 359.0
09-4 5 4.3 271.0
09-4 5 5.2 269.0
09-4 5 4.3 359.0
09-4 5 7.8 359.0
09-4 5 3.5 266.0
09-4 5 5.2 359.0
09-4 5 6.1 262.0
09-4 6 5.2 279.0
09-4 6 4.3 359.0
09-4 6 6.1 278.0
09-4 6 4.3 268.0
09-4 6 6.1 270.0
09-4 6 5.2 359.0
09-4 6 6.1 276.0
09-4 6 5.2 264.0
09-4 6 6.1 359.0
09-4 6 6.1 359.0
09-4 6 4.3 249.0
09-4 6 7.0 359.0
09-4 6 5.2 359.0
09-4 6 2.6 280.0
09-4 6 8.7 304.0
09-4 6 13.0 285.0
09-4 6 13.0 359.0
09-4 6 14.8 296.0
09-4 6 18.2 301.0
09-4 6 14.8 283.0
09-4 6 14.8 289.0
09-4 6 16.5 268.0
09-4 6 13.9 295.0
09-4 6 13.0 296.0
09-4 6 14.8 290.0
09-4 6 11.3 287.0
09-4 6 13.0 303.0
09-4 6 12.2 359.0
09-4 6 9.6 266.0
09-4 6 13.0 302.0
09-4 7 9.6 296.0
09-4 7 8.7 298.0
09-4 7 11.3 359.0
09-4 7 11.3 359.0
09-4 7 12.2 297.0
09-4 7 9.6 289.0
09-4 7 12.2 359.0
09-4 7 13.0 359.0
09-4 7 12.2 301.0
09-4 7 10.4 359.0
09-4 7 7.0 294.0
09-4 7 10.4 299.0
09-4 7 9.6 359.0
09-4 7 12.2 359.0
09-4 7 9.6 318.0
09-4 7 9.6 314.0
09-4 7 5.2 291.0
09-4 7 7.8 302.0
09-4 7 7.0 359.0
09-4 7 8.7 359.0
09-4 7 8.7 300.0
09-4 7 10.4 359.0
09-4 7 9.6 304.0
09-4 7 7.8 359.0
09-4 7 7.8 303.0
09-4 7 7.0 303.0
09-4 7 7.0 326.0
09-4 7 12.2 349.0
09-4 7 8.7 311.0
09-4 7 7.8 314.0
09-4 8 7.8 313.0
09-4 8 10.4 359.0
09-4 8 11.3 359.0
09-4 8 8.7 316.0
09-4 8 10.4 319.0
09-4 8 6.1 303.0
09-4 8 9.6 305.0
09-4 8 10.4 359.0
09-4 8 13.9 299.0
09-4 8 13.0 359.0
09-4 8 12.2 305.0
09-4 8 7.8 337.0
09-4 8 10.4 359.0
09-4 8 6.1 322.0
09-4 8 8.7 302.0
09-4 8 11.3 327.0
09-4 8 7.0 320.0
09-4 8 7.8 359.0
09-4 8 13.0 318.0
09-4 8 12.2 354.0
09-4 8 9.6 320.0
09-4 8 12.2 359.0
09-4 8 11.3 359.0
09-4 8 8.7 19.0
09-4 8 7.0 359.0
09-4 8 7.8 359.0
09-4 8 11.3 315.0
09-4 8 11.3 301.0
09-4 8 14.8 359.0
09-4 8 12.2 345.0
09-4 9 7.8 354.0
09-4 9 7.0 359.0
09-4 9 13.9 359.0
09-4 9 7.8 330.0
09-4 9 10.4 359.0
09-4 9 12.2 359.0
09-4 9 12.2 359.0
09-4 9 7.8 359.0
09-4 9 7.8 359.0
09-4 9 11.3 359.0
09-4 9 10.4 354.0
09-4 9 9.6 359.0
09-4 9 12.2 359.0
09-4 9 7.8 319.0
09-4 9 13.0 359.0
09-4 9 7.8 345.0
09-4 9 10.4 315.0
09-4 9 7.8 341.0
09-4 9 9.6 303.0
09-4 9 7.8 359.0
09-4 9 10.4 346.0
09-4 9 13.0 359.0
09-4 9 7.8 326.0
09-4 9 13.0 359.0
09-4 9 13.9 359.0
09-4 9 10.4 359.0
09-4 9 12.2 310.0
09-4 9 9.6 348.0
09-4 9 10.4 359.0
09-4 9 7.8 359.0
09-4 10 10.4 319.0
09-4 10 9.6 321.0
09-4 10 8.7 315.0
09-4 10 10.4 359.0
09-4 10 7.8 326.0
09-4 10 13.0 12.0
09-4 10 12.2 354.0
09-4 10 10.4 359.0
09-4 10 10.4 322.0
09-4 10 13.9 359.0
09-4 10 12.2 333.0
09-4 10 12.2 349.0
09-4 10 7.8 359.0
09-4 10 9.6 359.0
09-4 10 11.3 301.0
09-4 10 13.9 22.0
09-4 10 10.4 345.0
09-4 10 14.8 359.0
09-4 10 7.8 339.0
09-4 10 8.7 330.0
09-4 10 7.8 340.0
09-4 10 13.9 291.0
09-4 10 13.0 330.0
09-4 10 11.3 310.0
09-4 10 11.3 312.0
09-4 10 13.0 309.0
09-4 10 13.0 297.0
09-4 10 13.0 308.0
09-4 10 13.9 308.0
09-4 10 14.8 285.0
09-4 11 13.0 359.0
09-4 11 15.6 309.0
09-4 11 11.3 334.0
09-4 11 8.7 322.0
09-4 11 16.5 290.0
09-4 11 20.0 305.0
09-4 11 18.2 315.0
09-4 11 11.3 315.0
09-4 11 13.9 359.0
09-4 11 16.5 303.0
09-4 11 20.9 340.0
09-4 11 17.4 301.0
09-4 11 17.4 359.0
09-4 11 14.8 311.0
09-4 11 14.8 324.0
09-4 11 15.6 302.0
09-4 11 14.8 328.0
09-4 11 11.3 289.0
09-4 11 12.2 322.0
09-4 11 16.5 300.0
09-4 11 13.0 310.0
09-4 11 15.6 344.0
09-4 11 12.2 300.0
09-4 11 9.6 297.0
09-4 11 19.1 324.0
09-4 11 19.1 341.0
09-4 11 11.3 323.0
09-4 11 16.5 314.0
09-4 11 10.4 345.0
09-4 11 16.5 306.0
09-4 12 13.9 319.0
09-4 12 13.9 316.0
09-4 12 16.5 323.0
09-4 12 14.8 320.0
09-4 12 17.4 318.0
09-4 12 13.9 293.0
09-4 12 15.6 298.0
09-4 12 15.6 317.0
09-4 12 10.4 27.0
09-4 12 16.5 318.0
09-4 12 20.0 337.0
09-4 12 19.1 335.0
09-4 12 17.4 308.0
09-4 12 14.8 327.0
09-4 12 17.4 312.0
09-4 12 13.0 359.0
09-4 12 14.8 299.0
09-4 12 13.0 320.0
09-4 12 12.2 328.0
09-4 12 13.0 322.0
09-4 12 9.6 291.0
09-4 12 20.0 347.0
09-4 12 11.3 341.0
09-4 12 11.3 343.0
09-4 12 15.6 309.0
09-4 12 21.7 347.0
09-4 12 20.9 332.0
09-4 12 19.1 344.0
09-4 12 17.4 343.0
09-4 12 13.9 278.0
09-4 13 16.5 354.0
09-4 13 16.5 333.0
09-4 13 13.0 350.0
09-4 13 13.0 359.0
09-4 13 13.9 359.0
09-4 13 13.0 347.0
09-4 13 17.4 350.0
09-4 13 19.1 8.0
09-4 13 20.0 354.0
09-4 13 16.5 347.0
09-4 13 15.6 340.0
09-4 13 11.3 325.0
09-4 13 17.4 354.0
09-4 13 18.2 343.0
09-4 13 18.2 359.0
09-4 13 19.1 359.0
09-4 13 17.4 318.0
09-4 13 16.5 312.0
09-4 13 14.8 333.0
09-4 13 17.4 339.0
09-4 13 17.4 328.0
09-4 13 16.5 289.0
09-4 13 12.2 314.0
09-4 13 16.5 283.0
09-4 13 15.6 4.0
09-4 13 15.6 325.0
09-4 13 14.8 10.0
09-4 13 16.5 329.0
09-4 13 20.0 345.0
09-4 13 19.1 297.0
09-4 14 13.9 331.0
09-4 14 19.1 322.0
09-4 14 18.2 340.0
09-4 14 24.3 291.0
09-4 14 15.6 347.0
09-4 14 16.5 354.0
09-4 14 13.0 359.0
09-4 14 17.4 314.0
09-4 14 15.6 359.0
09-4 14 18.2 294.0
09-4 14 15.6 338.0
09-4 14 14.8 318.0
09-4 14 19.1 311.0
09-4 14 20.0 319.0
09-4 14 21.7 316.0
09-4 14 22.6 314.0
09-4 14 14.8 334.0
09-4 14 13.0 324.0
09-4 14 18.2 325.0
09-4 14 19.1 330.0
09-4 14 15.6 359.0
09-4 14 20.0 331.0
09-4 14 20.9 335.0
09-4 14 16.5 341.0
09-4 14 26.1 314.0
09-4 14 22.6 340.0
09-4 14 17.4 337.0
09-4 14 14.8 294.0
09-4 14 15.6 316.0
09-4 14 15.6 340.0
09-4 15 18.2 310.0
09-4 15 16.5 322.0
09-4 15 18.2 308.0
09-4 15 16.5 314.0
09-4 15 14.8 359.0
09-4 15 20.0 314.0
09-4 15 20.9 300.0
09-4 15 18.2 302.0
09-4 15 20.9 328.0
09-4 15 25.2 321.0
09-4 15 22.6 326.0
09-4 15 11.3 281.0
09-4 15 11.3 327.0
09-4 15 14.8 314.0
09-4 15 15.6 318.0
09-4 15 20.0 337.0
09-4 15 20.9 316.0
09-4 15 12.2 323.0
09-4 15 17.4 345.0
09-4 15 18.2 343.0
09-4 15 14.8 335.0
09-4 15 16.5 317.0
09-4 15 15.6 316.0
09-4 15 19.1 324.0
09-4 15 17.4 328.0
09-4 15 17.4 283.0
09-4 15 18.2 322.0
09-4 15 19.1 333.0
09-4 15 18.2 315.0
09-4 15 18.2 318.0
09-4 16 20.9 345.0
09-4 16 17.4 332.0
09-4 16 13.9 339.0
09-4 16 15.6 337.0
09-4 16 18.2 328.0
09-4 16 17.4 326.0
09-4 16 17.4 332.0
09-4 16 18.2 359.0
09-4 16 15.6 339.0
09-4 16 13.9 324.0
09-4 16 21.7 339.0
09-4 16 19.1 354.0
09-4 16 20.9 280.0
09-4 16 19.1 325.0
09-4 16 18.2 322.0
09-4 16 21.7 354.0
09-4 16 17.4 328.0
09-4 16 23.5 339.0
09-4 16 19.1 10.0
09-4 16 20.9 313.0
09-4 16 18.2 323.0
09-4 16 15.6 312.0
09-4 16 25.2 326.0
09-4 16 24.3 304.0
09-4 16 20.0 319.0
09-4 16 20.0 334.0
09-4 16 16.5 325.0
09-4 16 20.9 310.0
09-4 16 16.5 341.0
09-4 16 17.4 301.0
09-4 17 15.6 304.0
09-4 17 20.0 359.0
09-4 17 11.3 354.0
09-4 17 19.1 320.0
09-4 17 20.0 335.0
09-4 17 14.8 325.0
09-4 17 18.2 283.0
09-4 17 17.4 316.0
09-4 17 17.4 320.0
09-4 17 14.8 290.0
09-4 17 19.1 318.0
09-4 17 16.5 359.0
09-4 17 21.7 328.0
09-4 17 15.6 342.0
09-4 17 20.0 343.0
09-4 17 12.2 332.0
09-4 17 11.3 359.0
09-4 17 20.0 303.0
09-4 17 23.5 314.0
09-4 17 18.2 322.0
09-4 17 11.3 337.0
09-4 17 15.6 315.0
09-4 17 14.8 321.0
09-4 17 20.9 309.0
09-4 17 17.4 315.0
09-4 17 15.6 299.0
09-4 17 14.8 316.0
09-4 17 20.0 272.0
09-4 17 13.0 309.0
09-4 17 13.0 315.0
09-4 18 16.5 305.0
09-4 18 16.5 359.0
09-4 18 10.4 316.0
09-4 18 13.9 301.0
09-4 18 16.5 311.0
09-4 18 12.2 305.0
09-4 18 15.6 305.0
09-4 18 11.3 305.0
09-4 18 12.2 308.0
09-4 18 13.0 338.0
09-4 18 15.6 302.0
09-4 18 12.2 302.0
09-4 18 9.6 318.0
09-4 18 14.8 309.0
09-4 18 15.6 359.0
09-4 18 13.9 297.0
09-4 18 14.8 305.0
09-4 18 15.6 287.0
09-4 18 14.8 359.0
09-4 18 11.3 309.0
09-4 18 12.2 300.0
09-4 18 14.8 299.0
09-4 18 14.8 318.0
09-4 18 18.2 287.0
09-4 18 14.8 303.0
09-4 18 15.6 308.0
09-4 18 12.2 299.0
09-4 18 12.2 306.0
09-4 18 14.8 299.0
09-4 18 18.2 316.0
09-4 19 13.9 322.0
09-4 19 14.8 291.0
09-4 19 14.8 305.0
09-4 19 14.8 302.0
09-4 19 14.8 318.0
09-4 19 14.8 303.0
09-4 19 13.0 330.0
09-4 19 13.9 322.0
09-4 19 16.5 312.0
09-4 19 16.5 301.0
09-4 19 13.0 320.0
09-4 19 16.5 310.0
09-4 19 16.5 314.0
09-4 19 13.9 314.0
09-4 19 13.9 336.0
09-4 19 16.5 288.0
09-4 19 12.2 303.0
09-4 19 12.2 307.0
09-4 19 12.2 359.0
09-4 19 12.2 328.0
09-4 19 14.8 359.0
09-4 19 14.8 316.0
09-4 19 9.6 359.0
09-4 19 13.9 359.0
09-4 19 13.0 311.0
09-4 19 9.6 320.0
09-4 19 13.0 359.0
09-4 19 14.8 302.0
09-4 19 13.0 320.0
09-4 19 13.9 298.0
09-4 20 13.9 359.0
09-4 20 9.6 359.0
09-4 20 13.9 312.0
09-4 20 14.8 313.0
09-4 20 13.0 301.0
09-4 20 15.6 305.0
09-4 20 13.9 291.0
09-4 20 13.9 359.0
09-4 20 11.3 285.0
09-4 20 13.0 283.0
09-4 20 15.6 266.0
09-4 20 12.2 359.0
09-4 20 12.2 359.0
09-4 20 17.4 300.0
09-4 20 12.2 292.0
09-4 20 15.6 359.0
09-4 20 15.6 322.0
09-4 20 13.9 320.0
09-4 20 13.9 324.0
09-4 20 8.7 305.0
09-4 20 14.8 317.0
09-4 20 11.3 359.0
09-4 20 13.0 289.0
09-4 20 14.8 299.0
09-4 20 19.1 303.0
09-4 20 12.2 274.0
09-4 20 16.5 299.0
09-4 20 18.2 316.0
09-4 20 18.2 311.0
09-4 20 13.0 359.0
09-4 21 16.5 320.0
09-4 21 16.5 322.0
09-4 21 14.8 349.0
09-4 21 18.2 359.0
09-4 21 20.0 294.0
09-4 21 15.6 278.0
09-4 21 13.0 284.0
09-4 21 20.0 307.0
09-4 21 14.8 295.0
09-4 21 14.8 312.0
09-4 21 18.2 311.0
09-4 21 15.6 320.0
09-4 21 18.2 291.0
09-4 21 13.9 326.0
09-4 21 14.8 338.0
09-4 21 11.3 320.0
09-4 21 15.6 354.0
09-4 21 18.2 359.0
09-4 21 21.7 320.0
09-4 21 12.2 339.0
09-4 21 13.0 359.0
09-4 21 17.4 359.0
09-4 21 22.6 302.0
09-4 21 7.8 298.0
09-4 21 13.0 359.0
09-4 21 20.9 320.0
09-4 21 14.8 314.0
09-4 21 18.2 313.0
09-4 21 19.1 320.0
09-4 21 18.2 303.0
09-4 22 16.5 293.0
09-4 22 14.8 319.0
09-4 22 20.0 315.0
09-4 22 15.6 322.0
09-4 22 14.8 319.0
09-4 22 20.0 312.0
09-4 22 16.5 359.0
09-4 22 18.2 359.0
09-4 22 14.8 359.0
09-4 22 15.6 326.0
09-4 22 16.5 297.0
09-4 22 18.2 316.0
09-4 22 14.8 359.0
09-4 22 17.4 359.0
09-4 22 15.6 339.0
09-4 22 15.6 359.0
09-4 22 20.0 320.0
09-4 22 13.0 359.0
09-4 22 17.4 319.0
09-4 22 15.6 303.0
09-4 22 17.4 359.0
09-4 22 21.7 322.0
09-4 22 19.1 329.0
09-4 22 17.4 359.0
09-4 22 10.4 305.0
09-4 22 15.6 318.0
09-4 22 23.5 310.0
09-4 22 16.5 320.0
09-4 22 16.5 359.0
09-4 22 13.0 314.0
09-4 23 17.4 359.0
09-4 23 20.9 283.0
09-4 23 18.2 359.0
09-4 23 17.4 359.0
09-4 23 20.0 301.0
09-4 23 20.9 312.0
09-4 23 12.2 359.0
09-4 23 24.3 308.0
09-4 23 17.4 359.0
09-4 23 15.6 310.0
09-4 23 16.5 305.0
09-4 23 21.7 314.0
09-4 23 15.6 309.0
09-4 23 18.2 293.0
09-4 23 16.5 314.0
09-4 23 9.6 316.0
09-4 23 14.8 359.0
09-4 23 18.2 359.0
09-4 23 20.9 359.0
09-4 23 17.4 359.0
09-4 23 15.6 359.0
09-4 23 20.9 289.0
09-4 23 19.1 295.0
09-4 23 20.9 321.0
09-4 23 19.1 359.0
09-4 23 15.6 359.0
09-4 23 15.6 316.0
09-4 23 20.9 308.0
09-4 23 21.7 359.0
09-4 23 15.6 359.0
