10-4 5 21.7 311.0
10-4 5 21.7 301.0
10-4 5 17.4 359.0
10-4 5 20.0 359.0
10-4 5 19.1 359.0
10-4 5 21.7 316.0
10-4 5 19.1 241.0
10-4 5 18.2 312.0
10-4 5 24.3 301.0
10-4 5 14.8 359.0
10-4 5 25.2 320.0
10-4 5 22.6 314.0
10-4 5 20.9 332.0
10-4 5 28.7 330.0
10-4 5 24.3 262.0
10-4 5 13.0 359.0
10-4 5 16.5 320.0
10-4 5 17.4 310.0
10-4 5 18.2 324.0
10-4 5 26.1 359.0
10-4 5 23.5 293.0
10-4 5 22.6 359.0
10-4 5 20.9 314.0
10-4 5 21.7 292.0
10-4 5 25.2 359.0
10-4 5 20.9 359.0
10-4 5 23.5 346.0
10-4 5 19.1 295.0
10-4 5 22.6 359.0
10-4 6 31.3 298.0
10-4 6 19.1 359.0
10-4 6 14.8 359.0
10-4 6 27.8 359.0
10-4 6 17.4 359.0
10-4 6 22.6 359.0
10-4 6 20.0 4.0
10-4 6 19.1 322.0
10-4 6 14.8 312.0
10-4 6 29.5 301.0
10-4 6 16.5 308.0
10-4 6 22.6 359.0
10-4 6 20.0 338.0
10-4 6 17.4 347.0
10-4 6 18.2 345.0
10-4 6 24.3 359.0
10-4 6 21.7 307.0
10-4 6 18.2 272.0
10-4 6 16.5 317.0
10-4 6 20.0 359.0
10-4 6 25.2 359.0
10-4 6 22.6 4.0
10-4 6 17.4 324.0
10-4 6 29.5 359.0
10-4 6 27.8 319.0
10-4 6 20.9 359.0
10-4 6 20.0 304.0
10-4 6 22.6 345.0
10-4 6 18.2 330.0
10-4 6 20.9 359.0
10-4 7 14.8 4.0
10-4 7 20.0 359.0
10-4 7 26.9 337.0
10-4 7 24.3 324.0
10-4 7 22.6 324.0
10-4 7 27.8 359.0
10-4 7 33.0 308.0
10-4 7 40.8 359.0
10-4 7 31.3 316.0
10-4 7 24.3 359.0
10-4 7 25.2 306.0
10-4 7 36.5 331.0
10-4 7 28.7 307.0
10-4 7 27.8 359.0
10-4 7 27.8 359.0
10-4 7 31.3 325.0
10-4 7 29.5 359.0
10-4 7 23.5 284.0
10-4 7 20.9 359.0
10-4 7 23.5 315.0
10-4 7 23.5 305.0
10-4 7 24.3 9.0
10-4 7 26.9 359.0
10-4 7 22.6 359.0
10-4 7 20.0 4.0
10-4 7 25.2 359.0
10-4 7 15.6 359.0
10-4 7 19.1 359.0
10-4 7 25.2 335.0
10-4 7 17.4 323.0
10-4 8 18.2 4.0
10-4 8 21.7 359.0
10-4 8 24.3 345.0
10-4 8 21.7 354.0
10-4 8 17.4 359.0
10-4 8 22.6 336.0
10-4 8 17.4 344.0
10-4 8 21.7 337.0
10-4 8 20.9 349.0
10-4 8 20.0 12.0
10-4 8 25.2 359.0
10-4 8 20.0 332.0
10-4 8 26.1 359.0
10-4 8 25.2 359.0
10-4 8 19.1 326.0
10-4 8 22.6 359.0
10-4 8 32.2 346.0
10-4 8 18.2 359.0
10-4 8 20.9 338.0
10-4 8 23.5 295.0
10-4 8 22.6 359.0
10-4 8 26.9 359.0
10-4 8 17.4 359.0
10-4 8 17.4 4.0
10-4 8 27.8 347.0
10-4 8 25.2 335.0
10-4 8 24.3 326.0
10-4 8 23.5 325.0
10-4 8 27.8 333.0
10-4 8 23.5 359.0
10-4 9 23.5 354.0
10-4 9 26.9 321.0
10-4 9 33.9 297.0
10-4 9 27.8 359.0
10-4 9 20.0 339.0
10-4 9 25.2 338.0
10-4 9 20.9 335.0
10-4 9 26.1 354.0
10-4 9 32.2 341.0
10-4 9 16.5 354.0
10-4 9 22.6 282.0
10-4 9 22.6 354.0
10-4 9 20.0 359.0
10-4 9 26.9 344.0
10-4 9 27.8 322.0
10-4 9 23.5 317.0
10-4 9 18.2 327.0
10-4 9 22.6 359.0
10-4 9 20.0 359.0
10-4 9 21.7 359.0
10-4 9 22.6 339.0
10-4 9 26.1 338.0
10-4 9 26.1 359.0
10-4 9 26.9 350.0
10-4 9 27.8 310.0
10-4 9 20.9 16.0
10-4 9 30.4 326.0
10-4 9 13.9 8.0
10-4 9 17.4 327.0
10-4 10 26.1 330.0
10-4 10 29.5 359.0
10-4 10 24.3 359.0
10-4 10 32.2 359.0
10-4 10 26.1 317.0
10-4 10 22.6 359.0
10-4 10 19.1 329.0
10-4 10 20.9 359.0
10-4 10 18.2 322.0
10-4 10 27.8 326.0
10-4 10 20.0 354.0
10-4 10 25.2 320.0
10-4 10 23.5 359.0
10-4 10 25.2 279.0
10-4 10 22.6 337.0
10-4 10 24.3 335.0
10-4 10 19.1 359.0
10-4 10 26.9 324.0
10-4 10 21.7 359.0
10-4 10 22.6 329.0
10-4 10 26.9 359.0
10-4 10 25.2 359.0
10-4 10 29.5 359.0
10-4 10 19.1 318.0
10-4 10 26.1 359.0
10-4 11 33.0 316.0
10-4 11 21.7 359.0
10-4 11 24.3 331.0
10-4 11 20.0 335.0
10-4 11 18.2 328.0
10-4 11 23.5 270.0
10-4 11 20.9 359.0
10-4 11 26.9 359.0
10-4 11 27.8 342.0
10-4 11 30.4 359.0
10-4 11 18.2 8.0
10-4 11 29.5 359.0
10-4 11 25.2 359.0
10-4 11 26.1 343.0
10-4 11 25.2 359.0
10-4 11 22.6 331.0
10-4 11 23.5 359.0
10-4 11 18.2 337.0
10-4 11 25.2 28.0
10-4 11 27.8 324.0
10-4 11 24.3 359.0
10-4 11 31.3 343.0
10-4 11 20.0 301.0
10-4 11 20.0 359.0
10-4 11 16.5 359.0
10-4 11 25.2 359.0
10-4 11 16.5 340.0
10-4 11 20.9 12.0
10-4 11 18.2 359.0
10-4 11 27.8 347.0
10-4 12 17.4 354.0
10-4 12 17.4 359.0
10-4 12 22.6 359.0
10-4 12 17.4 291.0
10-4 12 25.2 350.0
10-4 12 28.7 359.0
10-4 12 21.7 329.0
10-4 12 24.3 346.0
10-4 12 24.3 350.0
10-4 12 27.8 350.0
10-4 12 22.6 308.0
10-4 12 20.0 331.0
10-4 12 26.1 359.0
10-4 12 18.2 354.0
10-4 12 10.4 347.0
10-4 12 20.0 359.0
10-4 12 21.7 359.0
10-4 12 18.2 315.0
10-4 12 24.3 8.0
10-4 12 20.0 335.0
10-4 12 22.6 346.0
10-4 12 16.5 359.0
10-4 12 18.2 323.0
10-4 12 16.5 309.0
10-4 12 22.6 318.0
10-4 12 14.8 359.0
10-4 12 14.8 17.0
10-4 12 18.2 359.0
10-4 12 20.9 359.0
10-4 12 20.0 325.0
10-4 13 20.9 359.0
10-4 13 13.9 359.0
10-4 13 21.7 4.0
10-4 13 19.1 359.0
10-4 13 15.6 345.0
10-4 13 18.2 322.0
10-4 13 19.1 359.0
10-4 13 22.6 359.0
10-4 13 20.0 359.0
10-4 13 24.3 359.0
10-4 13 18.2 359.0
10-4 13 19.1 359.0
10-4 13 17.4 339.0
10-4 13 18.2 359.0
10-4 13 22.6 359.0
10-4 13 20.0 359.0
10-4 13 20.9 359.0
10-4 13 20.0 329.0
10-4 13 22.6 335.0
10-4 13 20.0 338.0
10-4 13 18.2 359.0
10-4 13 19.1 336.0
10-4 13 19.1 317.0
10-4 13 17.4 18.0
10-4 13 20.9 343.0
10-4 13 27.8 359.0
10-4 13 22.6 349.0
10-4 13 21.7 339.0
10-4 13 20.9 343.0
10-4 13 24.3 344.0
10-4 14 25.2 359.0
10-4 14 16.5 324.0
10-4 14 20.0 346.0
10-4 14 16.5 359.0
10-4 14 22.6 328.0
10-4 14 22.6 333.0
10-4 14 19.1 337.0
10-4 14 15.6 316.0
10-4 14 18.2 350.0
10-4 14 23.5 349.0
10-4 14 19.1 332.0
10-4 14 13.9 320.0
10-4 14 21.7 300.0
10-4 14 14.8 359.0
10-4 14 14.8 354.0
10-4 14 14.8 309.0
10-4 14 13.9 335.0
10-4 14 21.7 312.0
10-4 14 17.4 345.0
10-4 14 13.9 359.0
10-4 14 18.2 4.0
10-4 14 18.2 330.0
10-4 14 14.8 304.0
10-4 14 16.5 359.0
10-4 14 18.2 359.0
10-4 14 20.0 322.0
10-4 14 16.5 335.0
10-4 14 22.6 269.0
10-4 14 13.9 359.0
10-4 14 19.1 359.0
10-4 15 17.4 319.0
10-4 15 12.2 332.0
10-4 15 13.9 322.0
10-4 15 20.0 301.0
10-4 15 20.0 310.0
10-4 15 18.2 334.0
10-4 15 11.3 359.0
10-4 15 17.4 307.0
10-4 15 18.2 337.0
10-4 15 15.6 345.0
10-4 15 16.5 40.0
10-4 15 13.9 307.0
10-4 15 20.9 8.0
10-4 15 16.5 320.0
10-4 15 20.9 340.0
10-4 15 19.1 343.0
10-4 15 15.6 359.0
10-4 15 19.1 322.0
10-4 15 18.2 359.0
10-4 15 16.5 359.0
10-4 15 14.8 336.0
10-4 15 14.8 335.0
10-4 15 13.0 359.0
10-4 15 13.0 354.0
10-4 15 18.2 331.0
10-4 15 20.0 349.0
10-4 15 13.0 359.0
10-4 15 19.1 359.0
10-4 15 19.1 359.0
10-4 15 19.1 359.0
10-4 16 24.3 359.0
10-4 16 19.1 328.0
10-4 16 20.9 359.0
10-4 16 19.1 339.0
10-4 16 15.6 336.0
10-4 16 24.3 332.0
10-4 16 19.1 354.0
10-4 16 11.3 328.0
10-4 16 13.0 359.0
10-4 16 20.9 359.0
10-4 16 16.5 359.0
10-4 16 15.6 359.0
10-4 16 17.4 354.0
10-4 16 20.9 341.0
10-4 16 21.7 349.0
10-4 16 18.2 332.0
10-4 16 16.5 346.0
10-4 16 18.2 329.0
10-4 16 13.0 48.0
10-4 16 20.9 331.0
10-4 16 16.5 359.0
10-4 16 17.4 346.0
10-4 16 20.0 359.0
10-4 16 21.7 310.0
10-4 16 21.7 347.0
10-4 16 16.5 341.0
10-4 16 20.0 359.0
10-4 16 18.2 324.0
10-4 16 18.2 328.0
10-4 16 20.9 346.0
10-4 17 20.9 327.0
10-4 17 18.2 327.0
10-4 17 20.0 337.0
10-4 17 24.3 359.0
10-4 17 19.1 359.0
10-4 17 20.0 339.0
10-4 17 13.0 359.0
10-4 17 22.6 335.0
10-4 17 13.9 359.0
10-4 17 18.2 359.0
10-4 17 20.0 359.0
10-4 17 16.5 359.0
10-4 17 20.9 15.0
10-4 17 17.4 314.0
10-4 17 22.6 321.0
10-4 17 16.5 359.0
10-4 17 16.5 328.0
10-4 17 18.2 354.0
10-4 17 14.8 318.0
10-4 17 19.1 359.0
10-4 17 23.5 359.0
10-4 17 20.0 345.0
10-4 17 13.0 298.0
10-4 17 18.2 312.0
10-4 17 15.6 359.0
10-4 17 15.6 359.0
10-4 17 16.5 359.0
10-4 17 13.0 359.0
10-4 17 13.9 359.0
10-4 17 18.2 286.0
10-4 18 18.2 318.0
10-4 18 16.5 335.0
10-4 18 14.8 359.0
10-4 18 13.0 354.0
10-4 18 19.1 359.0
10-4 18 14.8 359.0
10-4 18 17.4 359.0
10-4 18 15.6 296.0
10-4 18 14.8 8.0
10-4 18 11.3 320.0
10-4 18 14.8 345.0
10-4 18 20.0 359.0
10-4 18 20.0 359.0
10-4 18 16.5 318.0
10-4 18 17.4 19.0
10-4 18 16.5 359.0
10-4 18 15.6 332.0
10-4 18 16.5 320.0
10-4 18 20.0 359.0
10-4 18 13.9 359.0
10-4 18 13.9 326.0
10-4 18 20.0 359.0
10-4 18 16.5 293.0
10-4 18 20.9 330.0
10-4 18 20.9 25.0
10-4 18 21.7 359.0
10-4 18 16.5 344.0
10-4 18 21.7 328.0
10-4 18 20.0 359.0
10-4 18 13.0 344.0
10-4 19 20.0 336.0
10-4 19 13.0 359.0
10-4 19 22.6 349.0
10-4 19 20.0 346.0
10-4 19 20.0 347.0
10-4 19 20.9 310.0
10-4 19 12.2 330.0
10-4 19 13.9 326.0
10-4 19 18.2 339.0
10-4 19 20.9 4.0
10-4 19 17.4 334.0
10-4 19 18.2 359.0
10-4 19 17.4 359.0
10-4 19 20.0 339.0
10-4 19 15.6 359.0
10-4 19 14.8 359.0
10-4 19 14.8 324.0
10-4 19 15.6 330.0
10-4 19 13.0 328.0
10-4 19 15.6 319.0
10-4 19 15.6 327.0
10-4 19 16.5 359.0
10-4 19 17.4 359.0
10-4 19 16.5 316.0
10-4 19 16.5 4.0
10-4 19 14.8 359.0
10-4 19 15.6 359.0
10-4 19 13.9 359.0
10-4 19 15.6 327.0
10-4 19 16.5 10.0
10-4 20 13.9 359.0
10-4 20 15.6 346.0
10-4 20 13.9 359.0
10-4 20 13.0 354.0
10-4 20 13.9 349.0
10-4 20 8.7 350.0
10-4 20 13.0 359.0
10-4 20 12.2 359.0
10-4 20 9.6 359.0
10-4 20 13.0 354.0
10-4 20 11.3 354.0
10-4 20 16.5 359.0
10-4 20 15.6 350.0
10-4 20 11.3 349.0
10-4 20 9.6 4.0
10-4 20 11.3 359.0
10-4 20 11.3 4.0
10-4 20 17.4 347.0
10-4 20 11.3 12.0
10-4 20 14.8 8.0
10-4 20 13.9 4.0
10-4 20 12.2 350.0
10-4 20 16.5 348.0
10-4 20 13.0 4.0
10-4 20 14.8 348.0
10-4 20 13.9 10.0
10-4 20 11.3 342.0
10-4 20 10.4 359.0
10-4 20 12.2 359.0
10-4 20 7.8 10.0
10-4 21 13.9 359.0
10-4 21 15.6 4.0
10-4 21 10.4 330.0
10-4 21 13.0 4.0
10-4 21 9.6 359.0
10-4 21 9.6 359.0
10-4 21 11.3 4.0
10-4 21 11.3 359.0
10-4 21 13.9 341.0
10-4 21 13.0 359.0
10-4 21 9.6 359.0
10-4 21 10.4 8.0
10-4 21 8.7 348.0
10-4 21 9.6 359.0
10-4 21 8.7 8.0
10-4 21 7.8 4.0
10-4 21 7.8 349.0
10-4 21 12.2 359.0
10-4 21 12.2 14.0
10-4 21 9.6 4.0
10-4 21 8.7 4.0
10-4 21 13.9 4.0
10-4 21 12.2 359.0
10-4 21 13.9 4.0
10-4 21 13.9 18.0
10-4 21 9.6 12.0
10-4 21 12.2 4.0
10-4 21 10.4 4.0
10-4 21 9.6 9.0
10-4 21 10.4 354.0
10-4 22 8.7 336.0
10-4 22 7.0 4.0
10-4 22 7.8 12.0
10-4 22 8.7 20.0
10-4 22 7.8 10.0
10-4 22 7.0 11.0
10-4 22 4.3 8.0
10-4 22 3.5 18.0
10-4 22 7.8 35.0
10-4 22 3.5 30.0
10-4 22 4.3 27.0
10-4 22 4.3 28.0
10-4 22 6.1 4.0
10-4 22 6.1 27.0
10-4 22 7.0 15.0
10-4 22 6.1 22.0
10-4 22 3.5 20.0
10-4 22 5.2 28.0
10-4 22 3.5 13.0
10-4 22 4.3 35.0
10-4 22 4.3 9.0
10-4 22 4.3 12.0
10-4 22 4.3 11.0
10-4 22 7.0 12.0
10-4 22 5.2 19.0
10-4 22 3.5 27.0
10-4 22 5.2 37.0
10-4 22 4.3 37.0
10-4 22 5.2 35.0
10-4 22 5.2 31.0
10-4 23 6.1 66.0
10-4 23 7.0 41.0
10-4 23 4.3 60.0
10-4 23 2.6 359.0
10-4 23 2.6 67.0
10-4 23 2.6 85.0
10-4 23 4.3 43.0
10-4 23 5.2 49.0
10-4 23 4.3 51.0
10-4 23 2.6 359.0
10-4 23 2.6 61.0
10-4 23 3.5 72.0
10-4 23 1.7 37.0
10-4 23 4.3 69.0
10-4 23 0.0 62.0
10-4 23 2.6 65.0
10-4 23 1.7 72.0
10-4 23 1.7 65.0
10-4 23 0.0 77.0
10-4 23 0.9 62.0
10-4 23 2.6 60.0
10-4 23 0.9 66.0
10-4 23 3.5 64.0
10-4 23 1.7 64.0
10-4 23 1.7 66.0
10-4 23 1.7 65.0
10-4 23 3.5 76.0
10-4 23 1.7 45.0
10-4 23 2.6 337.0
10-4 23 2.6 339.0
