12-4 5 2.6 61.0
12-4 5 3.5 60.0
12-4 5 1.7 359.0
12-4 5 3.5 63.0
12-4 5 2.6 62.0
12-4 5 3.5 67.0
12-4 5 3.5 68.0
12-4 5 3.5 62.0
12-4 5 3.5 66.0
12-4 5 2.6 359.0
12-4 5 3.5 60.0
12-4 5 2.6 61.0
12-4 5 2.6 62.0
12-4 5 3.5 60.0
12-4 5 3.5 64.0
12-4 5 2.6 61.0
12-4 5 2.6 67.0
12-4 5 1.7 64.0
12-4 5 1.7 63.0
12-4 5 2.6 66.0
12-4 5 2.6 61.0
12-4 5 2.6 62.0
12-4 5 2.6 64.0
12-4 5 3.5 60.0
12-4 5 2.6 62.0
12-4 5 2.6 70.0
12-4 5 3.5 62.0
12-4 5 1.7 62.0
12-4 5 3.5 62.0
12-4 5 3.5 61.0
12-4 6 3.5 60.0
12-4 6 3.5 62.0
12-4 6 4.3 62.0
12-4 6 4.3 63.0
12-4 6 4.3 66.0
12-4 6 5.2 359.0
12-4 6 4.3 65.0
12-4 6 3.5 61.0
12-4 6 4.3 64.0
12-4 6 4.3 61.0
12-4 6 3.5 60.0
12-4 6 1.7 61.0
12-4 6 2.6 65.0
12-4 6 3.5 63.0
12-4 6 2.6 67.0
12-4 6 1.7 62.0
12-4 6 1.7 359.0
12-4 6 1.7 63.0
12-4 6 1.7 67.0
12-4 6 3.5 65.0
12-4 6 1.7 70.0
12-4 6 2.6 70.0
12-4 6 1.7 62.0
12-4 6 1.7 62.0
12-4 6 1.7 62.0
12-4 6 3.5 62.0
12-4 6 2.6 64.0
12-4 6 2.6 69.0
12-4 6 1.7 68.0
12-4 6 1.7 62.0
12-4 7 1.7 65.0
12-4 7 1.7 70.0
12-4 7 2.6 63.0
12-4 7 1.7 64.0
12-4 7 1.7 64.0
12-4 7 2.6 62.0
12-4 7 1.7 64.0
12-4 7 1.7 63.0
12-4 7 0.9 62.0
12-4 7 0.9 64.0
12-4 7 1.7 359.0
12-4 7 0.9 66.0
12-4 7 1.7 64.0
12-4 7 2.6 65.0
12-4 7 3.5 62.0
12-4 7 3.5 63.0
12-4 7 4.3 66.0
12-4 7 3.5 62.0
12-4 7 2.6 70.0
12-4 7 0.9 65.0
12-4 7 1.7 70.0
12-4 7 1.7 63.0
12-4 7 1.7 70.0
12-4 7 0.0 64.0
12-4 7 0.0 66.0
12-4 7 2.6 64.0
12-4 7 3.5 64.0
12-4 7 2.6 64.0
12-4 7 4.3 64.0
12-4 7 2.6 66.0
12-4 8 2.6 66.0
12-4 8 3.5 67.0
12-4 8 3.5 105.0
12-4 8 3.5 106.0
12-4 8 3.5 106.0
12-4 8 3.5 105.0
12-4 8 2.6 104.0
12-4 8 2.6 104.0
12-4 8 3.5 104.0
12-4 8 2.6 105.0
12-4 8 2.6 106.0
12-4 8 2.6 104.0
12-4 8 3.5 106.0
12-4 8 3.5 104.0
12-4 8 0.0 97.0
12-4 8 2.6 83.0
12-4 8 2.6 82.0
12-4 8 1.7 80.0
12-4 8 1.7 81.0
12-4 8 4.3 81.0
12-4 8 0.0 83.0
12-4 8 2.6 81.0
12-4 8 1.7 81.0
12-4 8 2.6 79.0
12-4 8 3.5 77.0
12-4 8 4.3 68.0
12-4 8 4.3 68.0
12-4 8 3.5 63.0
12-4 8 4.3 61.0
12-4 8 4.3 56.0
12-4 9 4.3 55.0
12-4 9 3.5 52.0
12-4 9 1.7 52.0
12-4 9 1.7 52.0
12-4 9 1.7 52.0
12-4 9 1.7 53.0
12-4 9 0.0 52.0
12-4 9 0.0 52.0
12-4 9 0.9 53.0
12-4 9 0.0 52.0
12-4 9 0.0 52.0
12-4 9 0.0 52.0
12-4 9 0.0 52.0
12-4 9 0.0 52.0
12-4 9 0.0 53.0
12-4 9 0.0 52.0
12-4 9 0.0 52.0
12-4 9 0.0 54.0
12-4 9 0.0 53.0
12-4 9 0.0 53.0
12-4 9 0.0 53.0
12-4 9 0.0 54.0
12-4 9 0.0 53.0
12-4 9 0.9 52.0
12-4 9 0.0 52.0
12-4 9 0.0 52.0
12-4 9 0.0 52.0
12-4 9 0.0 52.0
12-4 9 0.0 52.0
12-4 9 0.9 52.0
12-4 10 1.7 52.0
12-4 10 0.9 52.0
12-4 10 1.7 52.0
12-4 10 1.7 52.0
12-4 10 0.9 52.0
12-4 10 1.7 52.0
12-4 10 1.7 52.0
12-4 10 1.7 52.0
12-4 10 2.6 52.0
12-4 10 2.6 52.0
12-4 10 1.7 52.0
12-4 10 0.9 52.0
12-4 10 0.0 52.0
12-4 10 0.0 52.0
12-4 10 0.0 52.0
12-4 10 0.0 52.0
12-4 10 0.0 52.0
12-4 10 0.0 52.0
12-4 10 0.0 52.0
12-4 10 0.0 52.0
12-4 10 0.0 52.0
12-4 10 0.0 52.0
12-4 10 0.0 52.0
12-4 10 2.6 52.0
12-4 10 2.6 52.0
12-4 10 2.6 52.0
12-4 10 2.6 52.0
12-4 10 2.6 52.0
12-4 10 4.3 50.0
12-4 10 3.5 50.0
12-4 11 1.7 49.0
12-4 11 3.5 49.0
12-4 11 1.7 49.0
12-4 11 1.7 49.0
12-4 11 0.9 49.0
12-4 11 3.5 43.0
12-4 11 2.6 43.0
12-4 11 2.6 43.0
12-4 11 3.5 43.0
12-4 11 2.6 43.0
12-4 11 2.6 43.0
12-4 11 1.7 43.0
12-4 11 0.9 43.0
12-4 11 1.7 43.0
12-4 11 2.6 43.0
12-4 11 1.7 43.0
12-4 11 1.7 43.0
12-4 11 0.9 43.0
12-4 11 1.7 43.0
12-4 11 0.9 43.0
12-4 11 0.9 43.0
12-4 11 0.0 43.0
12-4 11 0.0 43.0
12-4 11 0.9 43.0
12-4 11 1.7 43.0
12-4 11 0.9 43.0
12-4 11 0.0 43.0
12-4 11 0.9 43.0
12-4 11 0.9 43.0
12-4 11 0.0 43.0
12-4 12 0.0 43.0
12-4 12 0.9 43.0
12-4 12 1.7 43.0
12-4 12 0.0 43.0
12-4 12 0.0 43.0
12-4 12 0.0 43.0
12-4 12 1.7 43.0
12-4 12 1.7 43.0
12-4 12 1.7 43.0
12-4 12 1.7 43.0
12-4 12 2.6 43.0
12-4 12 3.5 43.0
12-4 12 3.5 43.0
12-4 12 3.5 43.0
12-4 12 2.6 43.0
12-4 12 2.6 43.0
12-4 12 2.6 43.0
12-4 12 1.7 43.0
12-4 12 3.5 43.0
12-4 12 2.6 42.0
12-4 12 2.6 42.0
12-4 12 3.5 42.0
12-4 12 3.5 42.0
12-4 12 4.3 34.0
12-4 12 7.0 281.0
12-4 12 7.0 260.0
12-4 12 6.1 245.0
12-4 12 7.8 233.0
12-4 12 6.1 236.0
12-4 12 6.1 241.0
12-4 13 5.2 224.0
12-4 13 5.2 231.0
12-4 13 6.1 251.0
12-4 13 7.0 255.0
12-4 13 7.0 238.0
12-4 13 7.0 228.0
12-4 13 6.1 239.0
12-4 13 4.3 233.0
12-4 13 5.2 236.0
12-4 13 4.3 241.0
12-4 13 4.3 247.0
12-4 13 5.2 249.0
12-4 13 6.1 249.0
12-4 13 7.0 246.0
12-4 13 7.0 239.0
12-4 13 5.2 230.0
12-4 13 6.1 234.0
12-4 13 5.2 243.0
12-4 13 5.2 226.0
12-4 13 5.2 215.0
12-4 13 2.6 215.0
12-4 13 2.6 249.0
12-4 13 5.2 237.0
12-4 13 6.1 237.0
12-4 13 4.3 245.0
12-4 13 6.1 230.0
12-4 13 6.1 239.0
12-4 13 3.5 246.0
12-4 13 5.2 243.0
12-4 13 3.5 239.0
12-4 14 5.2 245.0
12-4 14 5.2 219.0
12-4 14 4.3 244.0
12-4 14 7.0 233.0
12-4 14 7.0 241.0
12-4 14 4.3 250.0
12-4 14 6.1 235.0
12-4 14 5.2 244.0
12-4 14 4.3 241.0
12-4 14 5.2 251.0
12-4 14 7.8 253.0
12-4 14 3.5 247.0
12-4 14 5.2 238.0
12-4 14 5.2 272.0
12-4 14 6.1 241.0
12-4 14 5.2 248.0
12-4 14 4.3 223.0
12-4 14 5.2 248.0
12-4 14 5.2 247.0
12-4 14 3.5 222.0
12-4 14 6.1 224.0
12-4 14 6.1 239.0
12-4 14 5.2 235.0
12-4 14 7.0 228.0
12-4 14 8.7 228.0
12-4 14 7.0 243.0
12-4 14 6.1 220.0
12-4 14 7.8 229.0
12-4 14 7.8 237.0
12-4 14 7.8 241.0
12-4 15 6.1 239.0
12-4 15 5.2 249.0
12-4 15 4.3 247.0
12-4 15 4.3 253.0
12-4 15 3.5 256.0
12-4 15 4.3 223.0
12-4 15 5.2 264.0
12-4 15 3.5 253.0
12-4 15 4.3 264.0
12-4 15 4.3 257.0
12-4 15 4.3 243.0
12-4 15 5.2 228.0
12-4 15 3.5 248.0
12-4 15 2.6 238.0
12-4 15 4.3 243.0
12-4 15 3.5 250.0
12-4 15 3.5 239.0
12-4 15 5.2 241.0
12-4 15 2.6 243.0
12-4 15 3.5 235.0
12-4 15 2.6 245.0
12-4 15 4.3 247.0
12-4 15 6.1 235.0
12-4 15 5.2 246.0
12-4 15 4.3 243.0
12-4 15 6.1 241.0
12-4 15 5.2 228.0
12-4 15 4.3 248.0
12-4 15 5.2 242.0
12-4 15 3.5 245.0
12-4 16 2.6 243.0
12-4 16 2.6 234.0
12-4 16 4.3 223.0
12-4 16 1.7 259.0
12-4 16 2.6 260.0
12-4 16 4.3 236.0
12-4 16 2.6 260.0
12-4 16 4.3 241.0
12-4 16 5.2 239.0
12-4 16 3.5 268.0
12-4 16 5.2 232.0
12-4 16 4.3 236.0
12-4 16 6.1 248.0
12-4 16 7.0 245.0
12-4 16 5.2 247.0
12-4 16 3.5 250.0
12-4 16 2.6 251.0
12-4 16 3.5 249.0
12-4 16 1.7 246.0
12-4 16 2.6 246.0
12-4 16 2.6 234.0
12-4 16 5.2 231.0
12-4 16 6.1 221.0
12-4 16 4.3 237.0
12-4 16 7.0 226.0
12-4 16 5.2 238.0
12-4 16 5.2 245.0
12-4 16 5.2 233.0
12-4 16 7.0 242.0
12-4 16 3.5 239.0
12-4 17 6.1 242.0
12-4 17 5.2 232.0
12-4 17 5.2 226.0
12-4 17 5.2 241.0
12-4 17 5.2 245.0
12-4 17 3.5 265.0
12-4 17 7.0 233.0
12-4 17 5.2 243.0
12-4 17 7.0 231.0
12-4 17 5.2 233.0
12-4 17 4.3 255.0
12-4 17 4.3 255.0
12-4 17 4.3 229.0
12-4 17 3.5 243.0
12-4 17 4.3 242.0
12-4 17 3.5 239.0
12-4 17 4.3 238.0
12-4 17 4.3 231.0
12-4 17 5.2 245.0
12-4 17 3.5 253.0
12-4 17 2.6 233.0
12-4 17 7.0 244.0
12-4 17 5.2 235.0
12-4 17 6.1 241.0
12-4 17 6.1 227.0
12-4 17 6.1 241.0
12-4 17 7.0 239.0
12-4 17 6.1 268.0
12-4 17 4.3 249.0
12-4 17 2.6 256.0
12-4 18 3.5 262.0
12-4 18 3.5 266.0
12-4 18 3.5 273.0
12-4 18 4.3 274.0
12-4 18 1.7 274.0
12-4 18 1.7 274.0
12-4 18 0.9 274.0
12-4 18 1.7 274.0
12-4 18 1.7 274.0
12-4 18 2.6 274.0
12-4 18 1.7 274.0
12-4 18 2.6 272.0
12-4 18 2.6 272.0
12-4 18 5.2 259.0
12-4 18 5.2 220.0
12-4 18 3.5 239.0
12-4 18 3.5 242.0
12-4 18 3.5 244.0
12-4 18 3.5 246.0
12-4 18 3.5 245.0
12-4 18 1.7 247.0
12-4 18 3.5 248.0
12-4 18 0.0 248.0
12-4 18 1.7 247.0
12-4 18 0.9 247.0
12-4 18 2.6 251.0
12-4 18 2.6 253.0
12-4 18 1.7 253.0
12-4 18 2.6 253.0
12-4 18 0.9 253.0
12-4 19 0.9 255.0
12-4 19 0.0 256.0
12-4 19 0.0 255.0
12-4 19 3.5 254.0
12-4 19 2.6 254.0
12-4 19 1.7 255.0
12-4 19 1.7 254.0
12-4 19 3.5 254.0
12-4 19 3.5 254.0
12-4 19 0.0 254.0
12-4 19 0.9 254.0
12-4 19 2.6 254.0
12-4 19 1.7 254.0
12-4 19 1.7 255.0
12-4 19 3.5 254.0
12-4 19 1.7 255.0
12-4 19 1.7 255.0
12-4 19 1.7 256.0
12-4 19 0.0 255.0
12-4 19 0.0 256.0
12-4 19 1.7 256.0
12-4 19 1.7 256.0
12-4 19 2.6 256.0
12-4 19 2.6 256.0
12-4 19 1.7 256.0
12-4 19 2.6 256.0
12-4 19 3.5 256.0
12-4 19 0.9 256.0
12-4 19 2.6 256.0
12-4 19 0.9 256.0
12-4 20 1.7 256.0
12-4 20 1.7 256.0
12-4 20 2.6 256.0
12-4 20 3.5 256.0
12-4 20 3.5 233.0
12-4 20 3.5 236.0
12-4 20 1.7 237.0
12-4 20 3.5 237.0
12-4 20 4.3 231.0
12-4 20 5.2 230.0
12-4 20 4.3 225.0
12-4 20 5.2 243.0
12-4 20 5.2 224.0
12-4 20 1.7 228.0
12-4 20 2.6 228.0
12-4 20 3.5 228.0
12-4 20 2.6 228.0
12-4 20 3.5 234.0
12-4 20 5.2 236.0
12-4 20 3.5 359.0
12-4 20 4.3 235.0
12-4 20 4.3 233.0
12-4 20 2.6 233.0
12-4 20 2.6 229.0
12-4 20 2.6 224.0
12-4 20 2.6 225.0
12-4 20 2.6 226.0
12-4 20 2.6 231.0
12-4 20 2.6 230.0
12-4 20 3.5 359.0
12-4 21 0.9 231.0
12-4 21 2.6 231.0
12-4 21 3.5 231.0
12-4 21 3.5 226.0
12-4 21 3.5 226.0
12-4 21 2.6 226.0
12-4 21 0.0 227.0
12-4 21 2.6 228.0
12-4 21 3.5 227.0
12-4 21 1.7 229.0
12-4 21 1.7 231.0
12-4 21 1.7 231.0
12-4 21 1.7 231.0
12-4 21 0.9 232.0
12-4 21 0.0 233.0
12-4 21 1.7 231.0
12-4 21 0.9 233.0
12-4 21 1.7 231.0
12-4 21 0.0 359.0
12-4 21 1.7 231.0
12-4 21 0.9 231.0
12-4 21 2.6 234.0
12-4 21 0.9 231.0
12-4 21 0.9 229.0
12-4 21 0.9 228.0
12-4 21 0.9 229.0
12-4 21 0.0 231.0
12-4 21 0.0 231.0
12-4 21 0.9 359.0
12-4 21 1.7 359.0
12-4 22 1.7 237.0
12-4 22 0.0 228.0
12-4 22 0.0 228.0
12-4 22 0.9 359.0
12-4 22 1.7 226.0
12-4 22 1.7 359.0
12-4 22 1.7 359.0
12-4 22 1.7 226.0
12-4 22 0.9 228.0
12-4 22 0.0 228.0
12-4 22 0.0 228.0
12-4 22 0.0 238.0
12-4 22 0.0 226.0
12-4 22 0.0 226.0
12-4 22 0.0 239.0
12-4 22 0.0 227.0
12-4 22 0.0 359.0
12-4 22 0.0 226.0
12-4 22 0.0 228.0
12-4 22 0.0 235.0
12-4 22 0.9 228.0
12-4 22 0.0 228.0
12-4 22 0.0 224.0
12-4 22 0.9 227.0
12-4 22 0.0 359.0
12-4 22 1.7 227.0
12-4 22 0.9 226.0
12-4 22 1.7 233.0
12-4 22 1.7 225.0
12-4 22 1.7 359.0
12-4 23 1.7 359.0
12-4 23 2.6 359.0
12-4 23 1.7 359.0
12-4 23 2.6 199.0
12-4 23 1.7 195.0
12-4 23 2.6 210.0
12-4 23 2.6 359.0
12-4 23 1.7 197.0
12-4 23 1.7 199.0
12-4 23 1.7 359.0
12-4 23 1.7 199.0
12-4 23 1.7 359.0
12-4 23 1.7 359.0
12-4 23 1.7 196.0
12-4 23 1.7 200.0
12-4 23 1.7 359.0
12-4 23 1.7 199.0
12-4 23 1.7 359.0
12-4 23 1.7 199.0
12-4 23 0.9 199.0
12-4 23 0.9 199.0
12-4 23 0.9 195.0
12-4 23 1.7 359.0
12-4 23 1.7 359.0
12-4 23 1.7 201.0
12-4 23 1.7 197.0
12-4 23 1.7 197.0
12-4 23 1.7 200.0
12-4 23 2.6 201.0
12-4 23 1.7 195.0
