13-4 5 1.7 199.0
13-4 5 0.9 199.0
13-4 5 0.9 199.0
13-4 5 1.7 199.0
13-4 5 0.9 359.0
13-4 5 1.7 359.0
13-4 5 2.6 359.0
13-4 5 1.7 359.0
13-4 5 2.6 359.0
13-4 5 2.6 359.0
13-4 5 1.7 200.0
13-4 5 1.7 205.0
13-4 5 0.9 197.0
13-4 5 1.7 200.0
13-4 5 1.7 359.0
13-4 5 0.0 196.0
13-4 5 0.9 359.0
13-4 5 3.5 359.0
13-4 5 2.6 199.0
13-4 5 0.9 359.0
13-4 5 1.7 359.0
13-4 5 0.9 359.0
13-4 5 0.9 359.0
13-4 5 2.6 200.0
13-4 5 0.9 359.0
13-4 5 0.9 199.0
13-4 5 0.9 197.0
13-4 5 1.7 359.0
13-4 5 1.7 199.0
13-4 5 0.9 359.0
13-4 6 2.6 199.0
13-4 6 2.6 197.0
13-4 6 1.7 359.0
13-4 6 2.6 211.0
13-4 6 1.7 359.0
13-4 6 1.7 199.0
13-4 6 1.7 197.0
13-4 6 0.9 359.0
13-4 6 0.9 359.0
13-4 6 0.9 359.0
13-4 6 0.9 359.0
13-4 6 0.9 197.0
13-4 6 0.9 197.0
13-4 6 0.0 199.0
13-4 6 0.9 200.0
13-4 6 0.9 197.0
13-4 6 0.9 196.0
13-4 6 0.0 359.0
13-4 6 2.6 213.0
13-4 6 1.7 197.0
13-4 6 1.7 196.0
13-4 6 2.6 197.0
13-4 6 1.7 201.0
13-4 6 1.7 197.0
13-4 6 2.6 359.0
13-4 6 2.6 199.0
13-4 6 1.7 196.0
13-4 6 2.6 195.0
13-4 6 1.7 213.0
13-4 6 1.7 359.0
13-4 7 2.6 197.0
13-4 7 0.9 359.0
13-4 7 1.7 359.0
13-4 7 0.9 196.0
13-4 7 1.7 201.0
13-4 7 0.0 359.0
13-4 7 0.9 359.0
13-4 7 0.9 359.0
13-4 7 0.0 359.0
13-4 7 0.0 359.0
13-4 7 2.6 199.0
13-4 7 1.7 211.0
13-4 7 1.7 197.0
13-4 7 1.7 359.0
13-4 7 1.7 359.0
13-4 7 2.6 201.0
13-4 7 1.7 201.0
13-4 7 1.7 200.0
13-4 7 2.6 197.0
13-4 7 0.9 200.0
13-4 7 0.9 359.0
13-4 7 0.9 198.0
13-4 7 1.7 209.0
13-4 7 1.7 359.0
13-4 7 0.9 359.0
13-4 7 1.7 359.0
13-4 7 1.7 200.0
13-4 7 1.7 207.0
13-4 7 0.0 200.0
13-4 7 1.7 201.0
13-4 8 0.9 201.0
13-4 8 1.7 359.0
13-4 8 0.9 201.0
13-4 8 1.7 359.0
13-4 8 0.0 203.0
13-4 8 0.9 202.0
13-4 8 0.9 204.0
13-4 8 0.9 202.0
13-4 8 0.0 203.0
13-4 8 0.0 359.0
13-4 8 0.0 202.0
13-4 8 0.0 202.0
13-4 8 0.0 359.0
13-4 8 0.0 204.0
13-4 8 0.0 202.0
13-4 8 0.0 201.0
13-4 8 0.0 201.0
13-4 8 0.0 201.0
13-4 8 0.0 204.0
13-4 8 0.0 201.0
13-4 8 1.7 202.0
13-4 8 0.0 201.0
13-4 8 0.9 201.0
13-4 8 0.0 202.0
13-4 8 0.0 202.0
13-4 8 0.0 204.0
13-4 8 0.9 201.0
13-4 8 0.9 359.0
13-4 8 0.0 204.0
13-4 8 0.0 203.0
13-4 9 0.0 202.0
13-4 9 0.0 201.0
13-4 9 0.0 201.0
13-4 9 0.0 359.0
13-4 9 0.0 200.0
13-4 9 0.0 201.0
13-4 9 0.0 201.0
13-4 9 0.0 201.0
13-4 9 0.0 203.0
13-4 9 0.0 201.0
13-4 9 0.0 201.0
13-4 9 0.0 202.0
13-4 9 0.0 201.0
13-4 9 0.0 202.0
13-4 9 0.0 201.0
13-4 9 0.0 201.0
13-4 9 0.0 202.0
13-4 9 0.9 203.0
13-4 9 0.9 202.0
13-4 9 1.7 202.0
13-4 9 0.9 202.0
13-4 9 2.6 202.0
13-4 9 0.9 204.0
13-4 9 0.9 202.0
13-4 9 1.7 203.0
13-4 9 1.7 203.0
13-4 9 1.7 204.0
13-4 9 0.0 202.0
13-4 9 0.9 203.0
13-4 9 1.7 203.0
13-4 10 0.0 202.0
13-4 10 0.0 202.0
13-4 10 0.0 204.0
13-4 10 0.0 203.0
13-4 10 0.0 203.0
13-4 10 0.0 202.0
13-4 10 0.9 202.0
13-4 10 0.9 203.0
13-4 10 2.6 203.0
13-4 10 1.7 203.0
13-4 10 1.7 202.0
13-4 10 0.9 202.0
13-4 10 0.9 202.0
13-4 10 1.7 203.0
13-4 10 1.7 202.0
13-4 10 0.9 203.0
13-4 10 1.7 203.0
13-4 10 0.9 203.0
13-4 10 0.9 202.0
13-4 10 0.9 202.0
13-4 10 0.9 203.0
13-4 10 0.9 203.0
13-4 10 2.6 203.0
13-4 10 2.6 202.0
13-4 10 2.6 204.0
13-4 10 3.5 204.0
13-4 10 1.7 203.0
13-4 10 1.7 204.0
13-4 10 4.3 203.0
13-4 10 1.7 208.0
13-4 11 4.3 207.0
13-4 11 3.5 207.0
13-4 11 4.3 208.0
13-4 11 5.2 208.0
13-4 11 4.3 210.0
13-4 11 4.3 209.0
13-4 11 1.7 359.0
13-4 11 4.3 359.0
13-4 11 6.1 282.0
13-4 11 0.0 272.0
13-4 11 1.7 359.0
13-4 11 4.3 298.0
13-4 11 1.7 291.0
13-4 11 3.5 297.0
13-4 11 1.7 359.0
13-4 11 2.6 326.0
13-4 11 0.9 359.0
13-4 11 5.2 285.0
13-4 11 1.7 291.0
13-4 11 4.3 288.0
13-4 11 4.3 298.0
13-4 11 5.2 359.0
13-4 11 4.3 359.0
13-4 11 7.8 359.0
13-4 11 4.3 300.0
13-4 11 2.6 359.0
13-4 11 7.0 279.0
13-4 11 4.3 297.0
13-4 11 3.5 274.0
13-4 11 6.1 297.0
13-4 12 7.8 293.0
13-4 12 4.3 359.0
13-4 12 4.3 359.0
13-4 12 5.2 273.0
13-4 12 3.5 293.0
13-4 12 8.7 359.0
13-4 12 7.8 291.0
13-4 12 7.0 359.0
13-4 12 7.0 359.0
13-4 12 6.1 359.0
13-4 12 7.0 308.0
13-4 12 7.0 312.0
13-4 12 5.2 359.0
13-4 12 7.8 306.0
13-4 12 7.0 316.0
13-4 12 6.1 309.0
13-4 12 5.2 359.0
13-4 12 7.0 313.0
13-4 12 5.2 329.0
13-4 12 5.2 312.0
13-4 12 3.5 359.0
13-4 12 5.2 359.0
13-4 12 6.1 359.0
13-4 12 3.5 302.0
13-4 12 1.7 322.0
13-4 12 1.7 359.0
13-4 12 2.6 359.0
13-4 12 5.2 270.0
13-4 12 2.6 268.0
13-4 12 0.9 294.0
13-4 13 1.7 297.0
13-4 13 3.5 359.0
13-4 13 5.2 284.0
13-4 13 0.9 262.0
13-4 13 4.3 325.0
13-4 13 4.3 318.0
13-4 13 6.1 359.0
13-4 13 4.3 293.0
13-4 13 4.3 299.0
13-4 13 2.6 289.0
13-4 13 5.2 359.0
13-4 13 7.0 312.0
13-4 13 5.2 328.0
13-4 13 4.3 319.0
13-4 13 5.2 326.0
13-4 13 3.5 321.0
13-4 13 5.2 318.0
13-4 13 1.7 332.0
13-4 13 4.3 342.0
13-4 13 5.2 359.0
13-4 13 7.8 359.0
13-4 13 4.3 359.0
13-4 13 4.3 347.0
13-4 13 6.1 359.0
13-4 13 6.1 339.0
13-4 13 6.1 332.0
13-4 13 4.3 359.0
13-4 13 3.5 359.0
13-4 13 2.6 315.0
13-4 13 4.3 312.0
13-4 14 4.3 318.0
13-4 14 4.3 359.0
13-4 14 6.1 291.0
13-4 14 6.1 300.0
13-4 14 3.5 299.0
13-4 14 3.5 359.0
13-4 14 4.3 304.0
13-4 14 5.2 359.0
13-4 14 6.1 311.0
13-4 14 6.1 295.0
13-4 14 2.6 312.0
13-4 14 5.2 320.0
13-4 14 5.2 331.0
13-4 14 2.6 342.0
13-4 14 6.1 330.0
13-4 14 4.3 359.0
13-4 14 6.1 322.0
13-4 14 5.2 325.0
13-4 14 4.3 340.0
13-4 14 3.5 329.0
13-4 14 4.3 324.0
13-4 14 6.1 328.0
13-4 14 6.1 359.0
13-4 14 6.1 308.0
13-4 14 5.2 324.0
13-4 14 3.5 359.0
13-4 14 4.3 359.0
13-4 14 4.3 347.0
13-4 14 3.5 359.0
13-4 14 5.2 315.0
13-4 15 4.3 324.0
13-4 15 6.1 320.0
13-4 15 6.1 307.0
13-4 15 3.5 359.0
13-4 15 4.3 354.0
13-4 15 4.3 330.0
13-4 15 6.1 321.0
13-4 15 3.5 314.0
13-4 15 3.5 320.0
13-4 15 2.6 359.0
13-4 15 3.5 359.0
13-4 15 2.6 359.0
13-4 15 4.3 359.0
13-4 15 3.5 359.0
13-4 15 4.3 359.0
13-4 15 3.5 337.0
13-4 15 4.3 295.0
13-4 15 3.5 359.0
13-4 15 1.7 304.0
13-4 15 3.5 304.0
13-4 15 3.5 301.0
13-4 15 2.6 301.0
13-4 15 1.7 301.0
13-4 15 1.7 306.0
13-4 15 3.5 321.0
13-4 15 1.7 320.0
13-4 15 3.5 359.0
13-4 15 2.6 314.0
13-4 15 2.6 288.0
13-4 15 0.9 290.0
13-4 16 3.5 359.0
13-4 16 5.2 281.0
13-4 16 3.5 281.0
13-4 16 3.5 359.0
13-4 16 2.6 281.0
13-4 16 1.7 359.0
13-4 16 1.7 281.0
13-4 16 1.7 281.0
13-4 16 1.7 359.0
13-4 16 2.6 359.0
13-4 16 1.7 284.0
13-4 16 2.6 283.0
13-4 16 1.7 283.0
13-4 16 1.7 285.0
13-4 16 1.7 285.0
13-4 16 1.7 286.0
13-4 16 1.7 359.0
13-4 16 1.7 288.0
13-4 16 1.7 290.0
13-4 16 1.7 292.0
13-4 16 2.6 294.0
13-4 16 2.6 295.0
13-4 16 2.6 359.0
13-4 16 2.6 305.0
13-4 16 2.6 309.0
13-4 16 3.5 359.0
13-4 16 3.5 331.0
13-4 16 3.5 327.0
13-4 16 3.5 349.0
13-4 16 4.3 311.0
13-4 17 3.5 359.0
13-4 17 4.3 359.0
13-4 17 4.3 314.0
13-4 17 4.3 308.0
13-4 17 4.3 306.0
13-4 17 3.5 307.0
13-4 17 3.5 312.0
13-4 17 3.5 314.0
13-4 17 4.3 316.0
13-4 17 2.6 324.0
13-4 17 3.5 359.0
13-4 17 3.5 359.0
13-4 17 3.5 320.0
13-4 17 3.5 320.0
13-4 17 1.7 325.0
13-4 17 3.5 328.0
13-4 17 3.5 341.0
13-4 17 1.7 344.0
13-4 17 2.6 343.0
13-4 17 2.6 343.0
13-4 17 0.0 359.0
13-4 17 3.5 345.0
13-4 17 3.5 349.0
13-4 17 1.7 350.0
13-4 17 3.5 350.0
13-4 17 2.6 359.0
13-4 17 1.7 349.0
13-4 17 2.6 347.0
13-4 17 2.6 338.0
13-4 17 1.7 314.0
13-4 18 2.6 302.0
13-4 18 4.3 303.0
13-4 18 5.2 359.0
13-4 18 3.5 359.0
13-4 18 3.5 359.0
13-4 18 6.1 359.0
13-4 18 3.5 320.0
13-4 18 6.1 301.0
13-4 18 3.5 289.0
13-4 18 4.3 359.0
13-4 18 3.5 359.0
13-4 18 2.6 305.0
13-4 18 2.6 276.0
13-4 18 2.6 359.0
13-4 18 4.3 288.0
13-4 18 5.2 359.0
13-4 18 5.2 359.0
13-4 18 3.5 359.0
13-4 18 3.5 302.0
13-4 18 5.2 299.0
13-4 18 3.5 310.0
13-4 18 4.3 359.0
13-4 18 4.3 308.0
13-4 18 4.3 359.0
13-4 18 3.5 359.0
13-4 18 7.0 359.0
13-4 18 6.1 359.0
13-4 18 3.5 359.0
13-4 18 6.1 321.0
13-4 18 4.3 332.0
13-4 19 6.1 359.0
13-4 19 4.3 359.0
13-4 19 2.6 359.0
13-4 19 2.6 288.0
13-4 19 3.5 280.0
13-4 19 3.5 279.0
13-4 19 4.3 287.0
13-4 19 2.6 292.0
13-4 19 3.5 293.0
13-4 19 4.3 359.0
13-4 19 3.5 316.0
13-4 19 3.5 319.0
13-4 19 5.2 310.0
13-4 19 2.6 359.0
13-4 19 2.6 320.0
13-4 19 1.7 359.0
13-4 19 4.3 359.0
13-4 19 2.6 359.0
13-4 19 1.7 359.0
13-4 19 3.5 359.0
13-4 19 4.3 359.0
13-4 19 3.5 311.0
13-4 19 3.5 359.0
13-4 19 2.6 359.0
13-4 19 1.7 359.0
13-4 19 1.7 316.0
13-4 19 1.7 280.0
13-4 19 2.6 271.0
13-4 19 1.7 359.0
13-4 19 0.0 282.0
13-4 20 2.6 274.0
13-4 20 5.2 359.0
13-4 20 1.7 270.0
13-4 20 4.3 266.0
13-4 20 1.7 267.0
13-4 20 2.6 359.0
13-4 20 1.7 266.0
13-4 20 3.5 269.0
13-4 20 2.6 267.0
13-4 20 4.3 280.0
13-4 20 0.9 270.0
13-4 20 2.6 270.0
13-4 20 0.9 359.0
13-4 20 1.7 359.0
13-4 20 0.9 359.0
13-4 20 0.9 359.0
13-4 20 0.9 268.0
13-4 20 0.9 268.0
13-4 20 0.0 270.0
13-4 20 0.9 359.0
13-4 20 0.9 271.0
13-4 20 1.7 269.0
13-4 20 0.0 270.0
13-4 20 1.7 359.0
13-4 20 0.0 268.0
13-4 20 0.0 269.0
13-4 20 0.0 270.0
13-4 20 0.9 359.0
13-4 20 0.0 269.0
13-4 20 0.0 278.0
13-4 21 0.0 272.0
13-4 21 0.0 271.0
13-4 21 0.0 359.0
13-4 21 0.0 272.0
13-4 21 0.0 278.0
13-4 21 0.0 271.0
13-4 21 0.0 359.0
13-4 21 0.0 269.0
13-4 21 0.0 270.0
13-4 21 0.0 359.0
13-4 21 0.0 359.0
13-4 21 0.0 359.0
13-4 21 0.0 271.0
13-4 21 0.0 269.0
13-4 21 1.7 359.0
13-4 21 0.9 269.0
13-4 21 0.0 359.0
13-4 21 0.9 283.0
13-4 21 0.0 359.0
13-4 21 0.0 270.0
13-4 21 0.0 268.0
13-4 21 0.0 271.0
13-4 21 0.9 359.0
13-4 21 0.0 279.0
13-4 21 0.0 269.0
13-4 21 0.0 359.0
13-4 21 0.0 271.0
13-4 21 0.0 272.0
13-4 21 0.0 270.0
13-4 21 0.9 270.0
13-4 22 1.7 280.0
13-4 22 2.6 359.0
13-4 22 0.9 359.0
13-4 22 0.0 271.0
13-4 22 0.9 270.0
13-4 22 0.9 359.0
13-4 22 0.9 359.0
13-4 22 0.0 272.0
13-4 22 0.0 272.0
13-4 22 0.0 359.0
13-4 22 0.0 270.0
13-4 22 0.0 272.0
13-4 22 0.0 359.0
13-4 22 1.7 270.0
13-4 22 0.9 359.0
13-4 22 0.9 282.0
13-4 22 0.9 272.0
13-4 22 0.9 272.0
13-4 22 0.9 272.0
13-4 22 0.0 272.0
13-4 22 0.0 280.0
13-4 22 0.0 269.0
13-4 22 0.0 272.0
13-4 22 0.0 272.0
13-4 22 0.0 359.0
13-4 22 0.0 359.0
13-4 22 0.0 359.0
13-4 22 0.9 281.0
13-4 22 1.7 270.0
13-4 22 1.7 280.0
13-4 23 1.7 282.0
13-4 23 0.0 359.0
13-4 23 0.0 272.0
13-4 23 0.9 272.0
13-4 23 1.7 359.0
13-4 23 2.6 272.0
13-4 23 2.6 359.0
13-4 23 1.7 270.0
13-4 23 0.9 272.0
13-4 23 1.7 359.0
13-4 23 0.9 359.0
13-4 23 0.9 282.0
13-4 23 0.9 270.0
13-4 23 1.7 269.0
13-4 23 1.7 359.0
13-4 23 1.7 359.0
13-4 23 1.7 359.0
13-4 23 1.7 272.0
13-4 23 2.6 272.0
13-4 23 1.7 359.0
13-4 23 1.7 272.0
13-4 23 1.7 268.0
13-4 23 1.7 270.0
13-4 23 1.7 282.0
13-4 23 0.9 359.0
13-4 23 0.0 272.0
13-4 23 0.9 280.0
13-4 23 0.9 269.0
13-4 23 0.9 270.0
13-4 23 1.7 272.0
