14-3 6 2.6 75.0
14-3 6 3.5 102.0
14-3 6 4.3 94.0
14-3 6 5.2 100.0
14-3 6 3.5 359.0
14-3 6 7.0 99.0
14-3 6 4.3 359.0
14-3 6 3.5 101.0
14-3 6 4.3 96.0
14-3 6 5.2 96.0
14-3 6 1.7 99.0
14-3 6 4.3 75.0
14-3 6 5.2 87.0
14-3 6 4.3 91.0
14-3 7 2.6 87.0
14-3 7 1.7 78.0
14-3 7 4.3 90.0
14-3 7 2.6 97.0
14-3 7 5.2 84.0
14-3 7 5.2 81.0
14-3 7 4.3 88.0
14-3 7 4.3 91.0
14-3 7 3.5 359.0
14-3 7 4.3 112.0
14-3 7 4.3 359.0
14-3 7 4.3 359.0
14-3 7 5.2 95.0
14-3 7 5.2 89.0
14-3 7 6.1 97.0
14-3 7 5.2 359.0
14-3 7 3.5 359.0
14-3 7 4.3 91.0
14-3 7 4.3 90.0
14-3 7 4.3 97.0
14-3 7 1.7 69.0
14-3 7 0.0 66.0
14-3 7 2.6 76.0
14-3 7 6.1 77.0
14-3 7 2.6 88.0
14-3 7 1.7 74.0
14-3 7 5.2 79.0
14-3 7 2.6 68.0
14-3 7 3.5 68.0
14-3 7 2.6 80.0
14-3 8 4.3 72.0
14-3 8 1.7 59.0
14-3 8 0.0 48.0
14-3 8 4.3 359.0
14-3 8 1.7 56.0
14-3 8 3.5 359.0
14-3 8 7.0 82.0
14-3 8 7.0 71.0
14-3 8 7.8 89.0
14-3 8 6.1 81.0
14-3 8 6.1 87.0
14-3 8 2.6 91.0
14-3 8 5.2 83.0
14-3 8 4.3 77.0
14-3 8 3.5 71.0
14-3 8 3.5 66.0
14-3 8 4.3 83.0
14-3 8 1.7 57.0
14-3 8 4.3 47.0
14-3 8 4.3 82.0
14-3 8 3.5 69.0
14-3 8 4.3 359.0
14-3 8 7.0 101.0
14-3 8 3.5 359.0
14-3 8 6.1 63.0
14-3 8 7.8 58.0
14-3 8 2.6 85.0
14-3 8 4.3 76.0
14-3 8 6.1 45.0
14-3 8 7.0 60.0
14-3 9 7.0 51.0
14-3 9 4.3 60.0
14-3 9 6.1 45.0
14-3 9 7.8 60.0
14-3 9 7.8 55.0
14-3 9 7.0 41.0
14-3 9 5.2 52.0
14-3 9 6.1 58.0
14-3 9 5.2 50.0
14-3 9 6.1 37.0
14-3 9 5.2 33.0
14-3 9 2.6 51.0
14-3 9 7.8 36.0
14-3 9 7.0 32.0
14-3 9 4.3 75.0
14-3 9 6.1 85.0
14-3 9 1.7 29.0
14-3 9 2.6 35.0
14-3 9 5.2 359.0
14-3 9 5.2 85.0
14-3 9 2.6 66.0
14-3 9 4.3 50.0
14-3 9 7.8 132.0
14-3 9 0.9 72.0
14-3 9 1.7 74.0
14-3 9 0.9 73.0
14-3 9 1.7 72.0
14-3 9 0.9 229.0
14-3 9 1.7 141.0
14-3 9 7.8 158.0
14-3 10 6.1 125.0
14-3 10 0.9 162.0
14-3 10 1.7 139.0
14-3 10 5.2 152.0
14-3 10 1.7 144.0
14-3 10 8.7 141.0
14-3 10 4.3 179.0
14-3 10 2.6 156.0
14-3 10 7.0 121.0
14-3 10 4.3 147.0
14-3 10 7.0 159.0
14-3 10 7.0 189.0
14-3 10 9.6 148.0
14-3 10 6.1 159.0
14-3 10 1.7 178.0
14-3 10 1.7 141.0
14-3 10 8.7 147.0
14-3 10 4.3 185.0
14-3 10 5.2 174.0
14-3 10 6.1 169.0
14-3 10 8.7 154.0
14-3 10 2.6 174.0
14-3 10 4.3 104.0
14-3 10 2.6 155.0
14-3 10 5.2 145.0
14-3 10 5.2 159.0
14-3 10 3.5 145.0
14-3 10 3.5 153.0
14-3 10 5.2 166.0
14-3 10 7.8 170.0
14-3 11 6.1 177.0
14-3 11 7.0 176.0
14-3 11 6.1 116.0
14-3 11 4.3 177.0
14-3 11 5.2 137.0
14-3 11 8.7 166.0
14-3 11 4.3 158.0
14-3 11 0.9 148.0
14-3 11 7.0 177.0
14-3 11 5.2 189.0
14-3 11 2.6 181.0
14-3 11 6.1 131.0
14-3 11 3.5 159.0
14-3 11 4.3 143.0
14-3 11 0.9 138.0
14-3 11 7.8 165.0
14-3 11 3.5 105.0
14-3 11 2.6 144.0
14-3 11 4.3 115.0
14-3 11 1.7 151.0
14-3 11 7.0 180.0
14-3 11 7.0 185.0
14-3 11 7.8 166.0
14-3 11 6.1 137.0
14-3 11 3.5 359.0
14-3 11 3.5 137.0
14-3 11 7.0 149.0
14-3 11 7.0 146.0
14-3 11 7.0 168.0
14-3 11 2.6 156.0
14-3 12 7.8 118.0
14-3 12 1.7 174.0
14-3 12 2.6 112.0
14-3 12 2.6 163.0
14-3 12 2.6 121.0
14-3 12 4.3 131.0
14-3 12 7.8 147.0
14-3 12 7.0 187.0
14-3 12 5.2 155.0
14-3 12 3.5 193.0
14-3 12 1.7 212.0
14-3 12 4.3 149.0
14-3 12 4.3 167.0
14-3 12 1.7 193.0
14-3 12 4.3 171.0
14-3 12 8.7 132.0
14-3 12 1.7 170.0
14-3 12 6.1 199.0
14-3 12 4.3 166.0
14-3 12 8.7 203.0
14-3 12 6.1 194.0
14-3 12 7.0 195.0
14-3 12 9.6 359.0
14-3 12 11.3 189.0
14-3 12 8.7 158.0
14-3 12 4.3 187.0
14-3 12 7.0 359.0
14-3 12 7.0 174.0
14-3 12 12.2 135.0
14-3 12 7.8 191.0
14-3 13 5.2 153.0
14-3 13 7.0 151.0
14-3 13 6.1 210.0
14-3 13 11.3 185.0
14-3 13 5.2 359.0
14-3 13 5.2 359.0
14-3 13 9.6 170.0
14-3 13 7.8 196.0
14-3 13 5.2 193.0
14-3 13 5.2 197.0
14-3 13 6.1 198.0
14-3 13 5.2 156.0
14-3 13 6.1 176.0
14-3 13 4.3 185.0
14-3 13 8.7 197.0
14-3 13 3.5 187.0
14-3 13 7.8 174.0
14-3 13 7.0 168.0
14-3 13 7.8 165.0
14-3 13 1.7 172.0
14-3 13 6.1 199.0
14-3 13 10.4 181.0
14-3 13 6.1 177.0
14-3 13 9.6 159.0
14-3 13 4.3 179.0
14-3 13 7.8 185.0
14-3 13 3.5 210.0
14-3 13 9.6 164.0
14-3 13 4.3 127.0
14-3 13 7.0 120.0
14-3 14 7.0 169.0
14-3 14 3.5 104.0
14-3 14 3.5 170.0
14-3 14 10.4 183.0
14-3 14 3.5 179.0
14-3 14 6.1 168.0
14-3 14 3.5 179.0
14-3 14 6.1 194.0
14-3 14 3.5 158.0
14-3 14 7.8 143.0
14-3 14 2.6 127.0
14-3 14 9.6 146.0
14-3 14 4.3 116.0
14-3 14 10.4 175.0
14-3 14 4.3 141.0
14-3 14 3.5 183.0
14-3 14 7.0 186.0
14-3 14 5.2 156.0
14-3 14 11.3 179.0
14-3 14 7.0 133.0
14-3 14 6.1 191.0
14-3 14 4.3 157.0
14-3 14 2.6 176.0
14-3 14 2.6 158.0
14-3 14 6.1 196.0
14-3 14 5.2 173.0
14-3 14 3.5 161.0
14-3 14 4.3 145.0
14-3 14 8.7 175.0
14-3 14 6.1 144.0
14-3 15 5.2 139.0
14-3 15 6.1 114.0
14-3 15 6.1 112.0
14-3 15 7.0 159.0
14-3 15 5.2 202.0
14-3 15 5.2 93.0
14-3 15 7.0 121.0
14-3 15 1.7 147.0
14-3 15 9.6 147.0
14-3 15 6.1 133.0
14-3 15 3.5 142.0
14-3 15 6.1 116.0
14-3 15 7.8 133.0
14-3 15 1.7 205.0
14-3 15 2.6 174.0
14-3 15 10.4 138.0
14-3 15 7.0 122.0
14-3 15 4.3 115.0
14-3 15 7.8 138.0
14-3 15 8.7 126.0
14-3 15 7.8 149.0
14-3 15 6.1 120.0
14-3 15 3.5 147.0
14-3 15 6.1 116.0
14-3 15 2.6 101.0
14-3 15 6.1 116.0
14-3 15 3.5 189.0
14-3 15 5.2 183.0
14-3 15 3.5 216.0
14-3 15 2.6 359.0
14-3 16 7.0 160.0
14-3 16 3.5 127.0
14-3 16 0.9 138.0
14-3 16 4.3 94.0
14-3 16 4.3 136.0
14-3 16 7.8 111.0
14-3 16 2.6 119.0
14-3 16 5.2 144.0
14-3 16 4.3 150.0
14-3 16 5.2 167.0
14-3 16 3.5 171.0
14-3 16 2.6 152.0
14-3 16 4.3 141.0
14-3 16 4.3 163.0
14-3 16 7.0 98.0
14-3 16 4.3 141.0
14-3 16 1.7 156.0
14-3 16 4.3 152.0
14-3 16 1.7 149.0
14-3 16 2.6 178.0
14-3 16 2.6 185.0
14-3 16 0.9 148.0
14-3 16 4.3 173.0
14-3 16 0.9 228.0
14-3 16 2.6 162.0
14-3 16 0.9 168.0
14-3 16 0.0 60.0
14-3 16 5.2 187.0
14-3 16 4.3 174.0
14-3 16 0.9 170.0
14-3 17 0.9 359.0
14-3 17 4.3 115.0
14-3 17 0.9 114.0
14-3 17 7.0 120.0
14-3 17 4.3 93.0
14-3 17 0.0 137.0
14-3 17 2.6 83.0
14-3 17 2.6 359.0
14-3 17 6.1 89.0
14-3 17 6.1 87.0
14-3 17 2.6 81.0
14-3 17 0.9 179.0
14-3 17 8.7 97.0
14-3 17 6.1 84.0
14-3 17 0.9 127.0
14-3 17 6.1 92.0
14-3 17 6.1 107.0
14-3 17 1.7 89.0
14-3 17 2.6 104.0
14-3 17 1.7 100.0
14-3 17 1.7 102.0
14-3 17 4.3 101.0
14-3 17 4.3 93.0
14-3 17 1.7 92.0
14-3 17 0.0 94.0
14-3 17 0.0 90.0
14-3 17 0.0 93.0
14-3 17 0.9 93.0
14-3 17 4.3 108.0
14-3 17 4.3 107.0
14-3 18 2.6 141.0
14-3 18 2.6 103.0
14-3 18 1.7 96.0
14-3 18 2.6 359.0
14-3 18 3.5 144.0
14-3 18 0.9 141.0
14-3 18 0.9 148.0
14-3 18 4.3 115.0
14-3 18 7.0 94.0
14-3 18 2.6 119.0
14-3 18 4.3 96.0
14-3 18 5.2 99.0
14-3 18 2.6 106.0
14-3 18 4.3 110.0
14-3 18 1.7 124.0
14-3 18 0.9 359.0
14-3 18 2.6 172.0
14-3 18 4.3 125.0
14-3 18 3.5 359.0
14-3 18 7.0 114.0
14-3 18 4.3 359.0
14-3 18 1.7 141.0
14-3 18 4.3 359.0
14-3 18 4.3 107.0
14-3 18 3.5 116.0
14-3 18 2.6 139.0
14-3 18 6.1 104.0
14-3 18 2.6 108.0
14-3 18 0.9 359.0
14-3 18 4.3 112.0
14-3 19 4.3 115.0
14-3 19 4.3 359.0
14-3 19 4.3 113.0
14-3 19 5.2 359.0
14-3 19 7.0 359.0
14-3 19 4.3 83.0
14-3 19 4.3 359.0
14-3 19 6.1 108.0
14-3 19 4.3 112.0
14-3 19 1.7 130.0
14-3 19 4.3 359.0
14-3 19 3.5 359.0
14-3 19 6.1 112.0
14-3 19 4.3 118.0
14-3 19 7.0 105.0
14-3 19 4.3 152.0
14-3 19 3.5 359.0
14-3 19 4.3 120.0
14-3 19 1.7 132.0
14-3 19 3.5 359.0
14-3 19 2.6 359.0
14-3 19 3.5 129.0
14-3 19 2.6 120.0
14-3 19 5.2 96.0
14-3 19 4.3 92.0
14-3 19 1.7 116.0
14-3 19 4.3 89.0
14-3 19 0.9 97.0
14-3 19 1.7 91.0
14-3 19 4.3 94.0
14-3 20 0.0 108.0
14-3 20 2.6 359.0
14-3 20 2.6 359.0
14-3 20 3.5 359.0
14-3 20 3.5 74.0
14-3 20 4.3 98.0
14-3 20 0.0 359.0
14-3 20 0.9 116.0
14-3 20 1.7 359.0
14-3 20 2.6 359.0
14-3 20 0.0 173.0
14-3 20 2.6 151.0
14-3 20 1.7 206.0
14-3 20 0.0 174.0
14-3 20 0.9 175.0
14-3 20 5.2 100.0
14-3 20 5.2 84.0
14-3 20 1.7 85.0
14-3 20 4.3 89.0
14-3 20 2.6 83.0
14-3 20 1.7 359.0
14-3 20 1.7 86.0
14-3 20 2.6 81.0
14-3 20 2.6 82.0
14-3 20 0.0 81.0
14-3 20 0.9 82.0
14-3 20 0.9 81.0
14-3 20 0.9 82.0
14-3 20 0.9 81.0
14-3 20 1.7 359.0
14-3 21 0.9 81.0
14-3 21 0.9 359.0
14-3 21 2.6 359.0
14-3 21 0.0 83.0
14-3 21 1.7 35.0
14-3 21 0.9 33.0
14-3 21 2.6 44.0
14-3 21 1.7 55.0
14-3 21 2.6 56.0
14-3 21 2.6 79.0
14-3 21 2.6 359.0
14-3 21 3.5 106.0
14-3 21 1.7 106.0
14-3 21 2.6 104.0
14-3 21 2.6 106.0
14-3 21 3.5 103.0
14-3 21 3.5 108.0
14-3 21 3.5 155.0
14-3 21 2.6 359.0
14-3 21 3.5 359.0
14-3 21 1.7 359.0
14-3 21 0.9 116.0
14-3 21 0.0 117.0
14-3 21 0.9 118.0
14-3 21 0.0 359.0
14-3 21 1.7 117.0
14-3 21 0.9 118.0
14-3 21 0.0 359.0
14-3 21 1.7 118.0
14-3 21 0.9 118.0
14-3 22 0.0 117.0
14-3 22 0.0 117.0
14-3 22 0.0 121.0
14-3 22 1.7 117.0
14-3 22 0.0 118.0
14-3 22 1.7 359.0
14-3 22 0.0 118.0
14-3 22 0.0 118.0
14-3 22 0.0 122.0
14-3 22 0.0 117.0
14-3 22 0.9 359.0
14-3 22 0.0 359.0
14-3 22 0.9 117.0
14-3 22 0.0 122.0
14-3 22 0.9 359.0
14-3 22 0.9 359.0
14-3 22 1.7 118.0
14-3 22 2.6 117.0
14-3 22 2.6 118.0
14-3 22 2.6 119.0
14-3 22 2.6 117.0
14-3 22 3.5 123.0
14-3 22 2.6 359.0
14-3 22 2.6 116.0
14-3 22 2.6 118.0
14-3 22 2.6 115.0
14-3 22 2.6 119.0
14-3 23 1.7 116.0
14-3 23 1.7 116.0
14-3 23 1.7 116.0
14-3 23 1.7 115.0
14-3 23 1.7 120.0
14-3 23 2.6 118.0
14-3 23 2.6 120.0
14-3 23 1.7 359.0
14-3 23 2.6 115.0
14-3 23 1.7 116.0
14-3 23 2.6 115.0
14-3 23 4.3 114.0
14-3 23 2.6 116.0
14-3 23 2.6 116.0
14-3 23 0.9 359.0
14-3 23 0.9 116.0
14-3 23 0.9 118.0
14-3 23 1.7 359.0
14-3 23 2.6 121.0
14-3 23 2.6 121.0
14-3 23 1.7 121.0
14-3 23 1.7 359.0
14-3 23 1.7 121.0
14-3 23 1.7 359.0
14-3 23 1.7 121.0
14-3 23 0.0 116.0
14-3 23 0.9 120.0
14-3 23 0.0 117.0
14-3 23 0.9 118.0
14-3 23 2.6 117.0
