14-4 5 2.6 8.0
14-4 5 2.6 9.0
14-4 5 1.7 8.0
14-4 5 1.7 9.0
14-4 5 1.7 8.0
14-4 5 2.6 8.0
14-4 5 1.7 8.0
14-4 5 3.5 9.0
14-4 5 2.6 8.0
14-4 5 2.6 8.0
14-4 5 1.7 8.0
14-4 5 1.7 8.0
14-4 5 1.7 8.0
14-4 5 1.7 8.0
14-4 5 1.7 8.0
14-4 5 1.7 8.0
14-4 5 1.7 8.0
14-4 5 0.9 8.0
14-4 5 0.9 8.0
14-4 5 0.0 9.0
14-4 5 0.9 8.0
14-4 5 0.0 8.0
14-4 5 0.9 8.0
14-4 5 1.7 8.0
14-4 5 2.6 8.0
14-4 5 1.7 9.0
14-4 5 1.7 8.0
14-4 5 0.9 8.0
14-4 5 2.6 8.0
14-4 5 1.7 8.0
14-4 6 1.7 8.0
14-4 6 2.6 8.0
14-4 6 2.6 8.0
14-4 6 1.7 8.0
14-4 6 1.7 9.0
14-4 6 1.7 8.0
14-4 6 2.6 8.0
14-4 6 1.7 9.0
14-4 6 2.6 9.0
14-4 6 2.6 9.0
14-4 6 1.7 8.0
14-4 6 0.0 8.0
14-4 6 0.9 8.0
14-4 6 1.7 9.0
14-4 6 1.7 8.0
14-4 6 1.7 9.0
14-4 6 1.7 8.0
14-4 6 1.7 8.0
14-4 6 1.7 8.0
14-4 6 0.9 8.0
14-4 6 1.7 8.0
14-4 6 2.6 8.0
14-4 6 1.7 8.0
14-4 6 2.6 8.0
14-4 6 2.6 9.0
14-4 6 3.5 9.0
14-4 6 2.6 8.0
14-4 6 2.6 8.0
14-4 6 2.6 8.0
14-4 6 1.7 8.0
14-4 7 3.5 8.0
14-4 7 3.5 8.0
14-4 7 1.7 9.0
14-4 7 2.6 8.0
14-4 7 1.7 8.0
14-4 7 2.6 8.0
14-4 7 2.6 8.0
14-4 7 2.6 8.0
14-4 7 1.7 8.0
14-4 7 2.6 8.0
14-4 7 3.5 9.0
14-4 7 3.5 8.0
14-4 7 3.5 8.0
14-4 7 1.7 8.0
14-4 7 2.6 8.0
14-4 7 1.7 8.0
14-4 7 2.6 8.0
14-4 7 2.6 8.0
14-4 7 1.7 8.0
14-4 7 2.6 8.0
14-4 7 2.6 8.0
14-4 7 3.5 8.0
14-4 7 3.5 8.0
14-4 7 2.6 8.0
14-4 7 2.6 8.0
14-4 7 1.7 8.0
14-4 7 3.5 8.0
14-4 7 3.5 8.0
14-4 7 2.6 8.0
14-4 7 3.5 8.0
14-4 8 3.5 8.0
14-4 8 2.6 8.0
14-4 8 3.5 8.0
14-4 8 1.7 8.0
14-4 8 1.7 8.0
14-4 8 1.7 8.0
14-4 8 1.7 8.0
14-4 8 3.5 8.0
14-4 8 2.6 8.0
14-4 8 3.5 8.0
14-4 8 2.6 8.0
14-4 8 0.9 8.0
14-4 8 0.0 8.0
14-4 8 1.7 8.0
14-4 8 2.6 8.0
14-4 8 3.5 8.0
14-4 8 1.7 8.0
14-4 8 1.7 8.0
14-4 8 0.9 8.0
14-4 8 0.9 8.0
14-4 8 1.7 8.0
14-4 8 0.9 8.0
14-4 8 0.9 8.0
14-4 8 2.6 8.0
14-4 8 3.5 8.0
14-4 8 2.6 8.0
14-4 8 2.6 8.0
14-4 8 0.0 8.0
14-4 8 1.7 8.0
14-4 8 1.7 8.0
14-4 9 1.7 8.0
14-4 9 0.9 8.0
14-4 9 1.7 8.0
14-4 9 1.7 8.0
14-4 9 0.9 8.0
14-4 9 0.9 8.0
14-4 9 1.7 8.0
14-4 9 0.0 8.0
14-4 9 0.9 8.0
14-4 9 2.6 8.0
14-4 9 2.6 8.0
14-4 9 1.7 8.0
14-4 9 2.6 8.0
14-4 9 2.6 8.0
14-4 9 1.7 8.0
14-4 9 0.9 8.0
14-4 9 1.7 8.0
14-4 9 1.7 8.0
14-4 9 0.0 8.0
14-4 9 1.7 8.0
14-4 9 0.9 8.0
14-4 9 0.9 8.0
14-4 9 0.9 8.0
14-4 9 1.7 8.0
14-4 9 2.6 8.0
14-4 9 3.5 8.0
14-4 9 2.6 8.0
14-4 9 2.6 8.0
14-4 9 2.6 8.0
14-4 10 1.7 8.0
14-4 10 2.6 8.0
14-4 10 1.7 8.0
14-4 10 0.9 8.0
14-4 10 0.9 8.0
14-4 10 1.7 8.0
14-4 10 0.0 8.0
14-4 10 0.9 8.0
14-4 10 0.0 8.0
14-4 10 1.7 8.0
14-4 10 1.7 8.0
14-4 10 0.9 8.0
14-4 10 0.9 8.0
14-4 10 0.9 8.0
14-4 10 1.7 8.0
14-4 10 0.9 8.0
14-4 10 1.7 8.0
14-4 10 1.7 8.0
14-4 10 0.9 8.0
14-4 10 0.9 8.0
14-4 10 1.7 8.0
14-4 10 1.7 8.0
14-4 10 2.6 8.0
14-4 10 1.7 8.0
14-4 10 1.7 8.0
14-4 10 0.9 8.0
14-4 10 1.7 8.0
14-4 10 1.7 8.0
14-4 10 2.6 8.0
14-4 10 1.7 8.0
14-4 11 3.5 8.0
14-4 11 2.6 8.0
14-4 11 1.7 8.0
14-4 11 2.6 8.0
14-4 11 1.7 8.0
14-4 11 2.6 8.0
14-4 11 3.5 8.0
14-4 11 3.5 4.0
14-4 11 3.5 4.0
14-4 11 3.5 4.0
14-4 11 2.6 4.0
14-4 11 4.3 270.0
14-4 11 4.3 359.0
14-4 11 2.6 270.0
14-4 11 3.5 270.0
14-4 11 3.5 271.0
14-4 11 3.5 270.0
14-4 11 1.7 271.0
14-4 11 1.7 270.0
14-4 11 3.5 271.0
14-4 11 1.7 270.0
14-4 11 2.6 270.0
14-4 11 3.5 270.0
14-4 11 3.5 271.0
14-4 11 4.3 271.0
14-4 11 3.5 270.0
14-4 11 5.2 271.0
14-4 11 3.5 270.0
14-4 11 5.2 271.0
14-4 11 5.2 271.0
14-4 12 4.3 359.0
14-4 12 5.2 266.0
14-4 12 4.3 266.0
14-4 12 6.1 266.0
14-4 12 6.1 266.0
14-4 12 6.1 264.0
14-4 12 7.0 237.0
14-4 12 8.7 239.0
14-4 12 7.0 258.0
14-4 12 9.6 233.0
14-4 12 9.6 228.0
14-4 12 7.8 222.0
14-4 12 6.1 226.0
14-4 12 7.8 235.0
14-4 12 4.3 229.0
14-4 12 7.0 359.0
14-4 12 7.0 256.0
14-4 12 7.8 248.0
14-4 12 7.8 254.0
14-4 12 6.1 253.0
14-4 12 7.0 234.0
14-4 12 7.8 241.0
14-4 12 7.8 239.0
14-4 12 7.0 253.0
14-4 12 6.1 237.0
14-4 12 8.7 244.0
14-4 12 9.6 241.0
14-4 12 6.1 249.0
14-4 12 8.7 234.0
14-4 12 8.7 238.0
14-4 13 7.8 238.0
14-4 13 5.2 231.0
14-4 13 5.2 261.0
14-4 13 4.3 255.0
14-4 13 5.2 237.0
14-4 13 4.3 247.0
14-4 13 4.3 262.0
14-4 13 7.8 230.0
14-4 13 4.3 262.0
14-4 13 4.3 266.0
14-4 13 4.3 253.0
14-4 13 5.2 234.0
14-4 13 6.1 247.0
14-4 13 4.3 251.0
14-4 13 4.3 228.0
14-4 13 4.3 272.0
14-4 13 6.1 240.0
14-4 13 3.5 262.0
14-4 13 7.0 249.0
14-4 13 6.1 268.0
14-4 13 4.3 274.0
14-4 13 5.2 268.0
14-4 13 4.3 262.0
14-4 13 4.3 243.0
14-4 13 5.2 260.0
14-4 13 4.3 264.0
14-4 13 3.5 241.0
14-4 13 6.1 230.0
14-4 13 5.2 247.0
14-4 13 5.2 228.0
14-4 14 3.5 239.0
14-4 14 6.1 256.0
14-4 14 4.3 257.0
14-4 14 5.2 262.0
14-4 14 5.2 258.0
14-4 14 5.2 247.0
14-4 14 3.5 267.0
14-4 14 5.2 262.0
14-4 14 3.5 243.0
14-4 14 3.5 262.0
14-4 14 4.3 359.0
14-4 14 7.0 359.0
14-4 14 5.2 296.0
14-4 14 4.3 359.0
14-4 14 6.1 359.0
14-4 14 6.1 300.0
14-4 14 7.0 299.0
14-4 14 4.3 359.0
14-4 14 5.2 290.0
14-4 14 7.0 359.0
14-4 14 8.7 278.0
14-4 14 6.1 359.0
14-4 14 7.8 276.0
14-4 14 7.8 285.0
14-4 14 5.2 265.0
14-4 14 7.8 359.0
14-4 14 7.0 253.0
14-4 14 6.1 265.0
14-4 14 5.2 262.0
14-4 14 7.0 280.0
14-4 15 6.1 359.0
14-4 15 6.1 288.0
14-4 15 6.1 359.0
14-4 15 7.0 289.0
14-4 15 6.1 359.0
14-4 15 6.1 270.0
14-4 15 6.1 283.0
14-4 15 7.0 279.0
14-4 15 6.1 283.0
14-4 15 6.1 288.0
14-4 15 6.1 288.0
14-4 15 6.1 359.0
14-4 15 5.2 304.0
14-4 15 5.2 314.0
14-4 15 4.3 359.0
14-4 15 3.5 359.0
14-4 15 6.1 316.0
14-4 15 4.3 314.0
14-4 15 4.3 359.0
14-4 15 3.5 359.0
14-4 15 4.3 359.0
14-4 15 2.6 359.0
14-4 15 2.6 314.0
14-4 15 1.7 359.0
14-4 15 2.6 359.0
14-4 15 2.6 316.0
14-4 15 2.6 316.0
14-4 15 3.5 316.0
14-4 15 1.7 315.0
14-4 15 4.3 315.0
14-4 16 3.5 315.0
14-4 16 2.6 359.0
14-4 16 2.6 314.0
14-4 16 2.6 314.0
14-4 16 3.5 314.0
14-4 16 1.7 314.0
14-4 16 1.7 317.0
14-4 16 0.9 359.0
14-4 16 1.7 359.0
14-4 16 1.7 317.0
14-4 16 0.9 359.0
14-4 16 0.9 317.0
14-4 16 0.9 318.0
14-4 16 1.7 317.0
14-4 16 1.7 319.0
14-4 16 2.6 359.0
14-4 16 1.7 359.0
14-4 16 0.9 320.0
14-4 16 0.9 319.0
14-4 16 0.0 320.0
14-4 16 0.0 320.0
14-4 16 0.9 320.0
14-4 16 0.9 320.0
14-4 16 1.7 320.0
14-4 16 0.9 359.0
14-4 16 1.7 359.0
14-4 16 1.7 320.0
14-4 16 1.7 320.0
14-4 16 1.7 359.0
14-4 16 2.6 359.0
14-4 17 2.6 320.0
14-4 17 1.7 320.0
14-4 17 2.6 319.0
14-4 17 3.5 313.0
14-4 17 4.3 313.0
14-4 17 4.3 313.0
14-4 17 5.2 266.0
14-4 17 7.8 239.0
14-4 17 5.2 252.0
14-4 17 6.1 253.0
14-4 17 7.0 243.0
14-4 17 3.5 241.0
14-4 17 5.2 258.0
14-4 17 4.3 251.0
14-4 17 6.1 243.0
14-4 17 4.3 248.0
14-4 17 5.2 259.0
14-4 17 7.8 244.0
14-4 17 4.3 253.0
14-4 17 3.5 249.0
14-4 17 5.2 264.0
14-4 17 4.3 253.0
14-4 17 4.3 255.0
14-4 17 4.3 250.0
14-4 17 7.0 246.0
14-4 17 2.6 266.0
14-4 17 4.3 272.0
14-4 17 3.5 272.0
14-4 17 4.3 274.0
14-4 17 2.6 279.0
14-4 18 4.3 283.0
14-4 18 2.6 283.0
14-4 18 2.6 283.0
14-4 18 1.7 283.0
14-4 18 3.5 283.0
14-4 18 2.6 285.0
14-4 18 2.6 287.0
14-4 18 2.6 359.0
14-4 18 2.6 289.0
14-4 18 2.6 290.0
14-4 18 2.6 291.0
14-4 18 3.5 288.0
14-4 18 1.7 288.0
14-4 18 3.5 288.0
14-4 18 1.7 288.0
14-4 18 1.7 288.0
14-4 18 2.6 288.0
14-4 18 3.5 290.0
14-4 18 3.5 289.0
14-4 18 3.5 289.0
14-4 18 2.6 289.0
14-4 18 2.6 289.0
14-4 18 2.6 289.0
14-4 18 1.7 289.0
14-4 18 1.7 290.0
14-4 18 0.9 290.0
14-4 18 1.7 359.0
14-4 18 1.7 292.0
14-4 18 0.9 291.0
14-4 18 2.6 291.0
14-4 19 2.6 292.0
14-4 19 1.7 359.0
14-4 19 0.9 359.0
14-4 19 0.9 359.0
14-4 19 1.7 291.0
14-4 19 0.9 291.0
14-4 19 0.0 359.0
14-4 19 0.0 291.0
14-4 19 0.0 291.0
14-4 19 0.0 291.0
14-4 19 0.0 291.0
14-4 19 0.0 291.0
14-4 19 0.0 291.0
14-4 19 0.0 292.0
14-4 19 0.0 359.0
14-4 19 0.0 292.0
14-4 19 0.0 359.0
14-4 19 5.2 240.0
14-4 19 5.2 240.0
14-4 19 4.3 226.0
14-4 19 5.2 230.0
14-4 19 5.2 235.0
14-4 19 4.3 242.0
14-4 19 4.3 251.0
14-4 19 3.5 253.0
14-4 19 5.2 230.0
14-4 19 5.2 228.0
14-4 19 3.5 231.0
14-4 19 4.3 232.0
14-4 19 3.5 232.0
14-4 20 0.9 233.0
14-4 20 1.7 233.0
14-4 20 2.6 233.0
14-4 20 0.9 233.0
14-4 20 1.7 233.0
14-4 20 0.9 233.0
14-4 20 0.9 233.0
14-4 20 0.9 234.0
14-4 20 1.7 233.0
14-4 20 1.7 233.0
14-4 20 3.5 233.0
14-4 20 1.7 233.0
14-4 20 0.0 233.0
14-4 20 0.9 234.0
14-4 20 1.7 233.0
14-4 20 1.7 233.0
14-4 20 0.0 234.0
14-4 20 0.9 234.0
14-4 20 0.0 232.0
14-4 20 0.0 230.0
14-4 20 2.6 359.0
14-4 20 0.0 234.0
14-4 20 0.0 237.0
14-4 20 0.9 359.0
14-4 20 0.0 240.0
14-4 20 0.9 231.0
14-4 20 2.6 359.0
14-4 20 2.6 229.0
14-4 20 1.7 359.0
14-4 20 0.0 359.0
14-4 21 0.0 228.0
14-4 21 0.0 230.0
14-4 21 0.0 244.0
14-4 21 0.9 228.0
14-4 21 0.9 229.0
14-4 21 0.9 359.0
14-4 21 0.0 245.0
14-4 21 0.0 359.0
14-4 21 0.0 359.0
14-4 21 0.9 228.0
14-4 21 0.0 359.0
14-4 21 0.9 224.0
14-4 21 2.6 233.0
14-4 21 4.3 359.0
14-4 21 1.7 230.0
14-4 21 1.7 234.0
14-4 21 0.0 234.0
14-4 21 0.9 359.0
14-4 21 0.0 232.0
14-4 21 0.0 229.0
14-4 21 0.0 233.0
14-4 21 0.0 233.0
14-4 21 0.0 234.0
14-4 21 0.9 233.0
14-4 21 0.0 359.0
14-4 21 0.0 234.0
14-4 21 1.7 359.0
14-4 21 0.0 236.0
14-4 21 0.0 359.0
14-4 21 0.9 235.0
14-4 22 0.0 232.0
14-4 22 0.0 359.0
14-4 22 0.9 359.0
14-4 22 1.7 359.0
14-4 22 2.6 359.0
14-4 22 0.0 251.0
14-4 22 2.6 359.0
14-4 22 2.6 234.0
14-4 22 2.6 234.0
14-4 22 1.7 235.0
14-4 22 2.6 231.0
14-4 22 3.5 213.0
14-4 22 3.5 216.0
14-4 22 4.3 216.0
14-4 22 4.3 219.0
14-4 22 3.5 219.0
14-4 22 2.6 222.0
14-4 22 0.0 359.0
14-4 22 0.9 222.0
14-4 22 1.7 220.0
14-4 22 2.6 220.0
14-4 22 1.7 220.0
14-4 22 2.6 220.0
14-4 22 2.6 359.0
14-4 22 2.6 221.0
14-4 22 2.6 220.0
14-4 22 0.0 220.0
14-4 22 0.0 220.0
14-4 22 0.9 221.0
14-4 22 0.0 220.0
14-4 23 0.0 220.0
14-4 23 1.7 220.0
14-4 23 0.9 221.0
14-4 23 0.9 220.0
14-4 23 3.5 221.0
14-4 23 0.9 220.0
14-4 23 0.0 220.0
14-4 23 0.9 220.0
14-4 23 0.9 220.0
14-4 23 0.9 220.0
14-4 23 0.0 220.0
14-4 23 1.7 220.0
14-4 23 0.9 220.0
14-4 23 0.9 220.0
14-4 23 0.0 220.0
14-4 23 0.9 220.0
14-4 23 0.0 220.0
14-4 23 0.0 220.0
14-4 23 0.0 220.0
14-4 23 0.0 220.0
14-4 23 0.0 220.0
14-4 23 0.0 220.0
14-4 23 0.0 220.0
14-4 23 0.0 220.0
14-4 23 0.0 220.0
14-4 23 0.0 221.0
14-4 23 0.0 220.0
14-4 23 0.0 359.0
14-4 23 0.9 221.0
14-4 23 1.7 221.0
