15-3 4 5.2 85.0
15-3 4 4.3 85.0
15-3 4 0.9 84.0
15-3 4 0.9 84.0
15-3 4 1.7 85.0
15-3 4 2.6 85.0
15-3 4 0.9 84.0
15-3 4 1.7 85.0
15-3 4 0.9 359.0
15-3 4 0.9 83.0
15-3 4 0.0 89.0
15-3 4 1.7 89.0
15-3 4 1.7 85.0
15-3 4 2.6 85.0
15-3 4 0.0 89.0
15-3 4 0.0 83.0
15-3 4 0.9 359.0
15-3 4 0.9 85.0
15-3 4 0.0 84.0
15-3 4 0.9 85.0
15-3 4 3.5 72.0
15-3 4 0.9 73.0
15-3 4 0.0 73.0
15-3 4 0.0 71.0
15-3 4 1.7 73.0
15-3 4 2.6 70.0
15-3 4 2.6 77.0
15-3 5 2.6 72.0
15-3 5 1.7 74.0
15-3 5 2.6 79.0
15-3 5 1.7 359.0
15-3 5 2.6 75.0
15-3 5 2.6 75.0
15-3 5 2.6 74.0
15-3 5 1.7 74.0
15-3 5 2.6 78.0
15-3 5 2.6 83.0
15-3 5 1.7 84.0
15-3 5 2.6 79.0
15-3 5 1.7 79.0
15-3 5 1.7 79.0
15-3 5 0.9 79.0
15-3 5 1.7 79.0
15-3 5 0.9 78.0
15-3 5 0.9 77.0
15-3 5 4.3 61.0
15-3 5 2.6 64.0
15-3 5 1.7 73.0
15-3 5 2.6 75.0
15-3 5 0.0 75.0
15-3 5 0.9 70.0
15-3 5 0.9 70.0
15-3 5 2.6 77.0
15-3 5 4.3 81.0
15-3 5 2.6 77.0
15-3 5 2.6 75.0
15-3 5 2.6 77.0
15-3 6 4.3 78.0
15-3 6 1.7 359.0
15-3 6 2.6 77.0
15-3 6 2.6 77.0
15-3 6 0.9 77.0
15-3 6 2.6 77.0
15-3 6 1.7 76.0
15-3 6 1.7 76.0
15-3 6 2.6 77.0
15-3 6 1.7 79.0
15-3 6 2.6 359.0
15-3 6 2.6 77.0
15-3 6 2.6 78.0
15-3 6 1.7 359.0
15-3 6 4.3 79.0
15-3 6 2.6 359.0
15-3 6 4.3 86.0
15-3 6 2.6 85.0
15-3 6 4.3 80.0
15-3 6 2.6 86.0
15-3 6 2.6 81.0
15-3 6 0.9 85.0
15-3 6 1.7 359.0
15-3 6 0.9 84.0
15-3 6 1.7 81.0
15-3 6 2.6 81.0
15-3 6 2.6 85.0
15-3 6 2.6 81.0
15-3 6 2.6 80.0
15-3 6 2.6 80.0
15-3 7 1.7 82.0
15-3 7 2.6 81.0
15-3 7 2.6 83.0
15-3 7 2.6 81.0
15-3 7 2.6 87.0
15-3 7 0.9 81.0
15-3 7 4.3 81.0
15-3 7 2.6 83.0
15-3 7 2.6 76.0
15-3 7 2.6 359.0
15-3 7 2.6 87.0
15-3 7 2.6 85.0
15-3 7 2.6 359.0
15-3 7 1.7 87.0
15-3 7 0.9 359.0
15-3 7 1.7 88.0
15-3 7 2.6 89.0
15-3 7 4.3 87.0
15-3 7 2.6 104.0
15-3 7 4.3 359.0
15-3 7 2.6 95.0
15-3 7 1.7 103.0
15-3 7 0.9 100.0
15-3 7 1.7 101.0
15-3 7 1.7 100.0
15-3 7 0.9 91.0
15-3 7 1.7 359.0
15-3 7 0.0 359.0
15-3 7 2.6 91.0
15-3 7 0.9 92.0
15-3 8 2.6 90.0
15-3 8 2.6 359.0
15-3 8 1.7 94.0
15-3 8 1.7 93.0
15-3 8 2.6 96.0
15-3 8 2.6 93.0
15-3 8 0.9 96.0
15-3 8 1.7 95.0
15-3 8 2.6 102.0
15-3 8 1.7 104.0
15-3 8 1.7 359.0
15-3 8 4.3 96.0
15-3 8 4.3 91.0
15-3 8 0.9 359.0
15-3 8 0.9 359.0
15-3 8 2.6 359.0
15-3 8 0.9 89.0
15-3 8 1.7 90.0
15-3 8 0.9 91.0
15-3 8 2.6 359.0
15-3 8 1.7 91.0
15-3 8 2.6 91.0
15-3 8 2.6 359.0
15-3 8 1.7 359.0
15-3 8 2.6 91.0
15-3 8 1.7 91.0
15-3 8 2.6 92.0
15-3 8 1.7 90.0
15-3 8 0.9 91.0
15-3 8 0.9 90.0
15-3 9 0.9 93.0
15-3 9 0.9 93.0
15-3 9 0.0 97.0
15-3 9 0.9 359.0
15-3 9 0.9 91.0
15-3 9 1.7 92.0
15-3 9 1.7 92.0
15-3 9 2.6 91.0
15-3 9 2.6 64.0
15-3 9 2.6 64.0
15-3 9 0.9 69.0
15-3 9 2.6 77.0
15-3 9 0.9 73.0
15-3 9 0.9 72.0
15-3 9 0.9 73.0
15-3 9 0.0 359.0
15-3 9 0.9 359.0
15-3 9 0.9 73.0
15-3 9 0.0 359.0
15-3 9 0.0 73.0
15-3 9 0.0 73.0
15-3 9 0.0 71.0
15-3 9 0.0 73.0
15-3 9 0.0 73.0
15-3 9 0.0 74.0
15-3 9 0.0 75.0
15-3 9 0.0 80.0
15-3 9 0.0 359.0
15-3 9 0.0 359.0
15-3 9 0.0 359.0
15-3 10 0.0 359.0
15-3 10 0.0 359.0
15-3 10 0.0 80.0
15-3 10 0.0 79.0
15-3 10 0.0 77.0
15-3 10 0.0 77.0
15-3 10 0.0 75.0
15-3 10 0.9 73.0
15-3 10 0.9 73.0
15-3 10 0.9 72.0
15-3 10 1.7 70.0
15-3 10 0.0 72.0
15-3 10 0.9 71.0
15-3 10 0.9 71.0
15-3 10 1.7 75.0
15-3 10 1.7 75.0
15-3 10 0.9 76.0
15-3 10 2.6 77.0
15-3 10 2.6 28.0
15-3 10 1.7 359.0
15-3 10 1.7 309.0
15-3 10 2.6 359.0
15-3 10 2.6 268.0
15-3 10 1.7 272.0
15-3 10 1.7 272.0
15-3 10 2.6 272.0
15-3 10 3.5 268.0
15-3 10 2.6 270.0
15-3 10 1.7 359.0
15-3 10 3.5 285.0
15-3 11 4.3 258.0
15-3 11 3.5 270.0
15-3 11 3.5 275.0
15-3 11 3.5 264.0
15-3 11 5.2 359.0
15-3 11 3.5 359.0
15-3 11 2.6 260.0
15-3 11 4.3 255.0
15-3 11 4.3 359.0
15-3 11 4.3 359.0
15-3 11 2.6 262.0
15-3 11 5.2 263.0
15-3 11 4.3 263.0
15-3 11 4.3 262.0
15-3 11 3.5 359.0
15-3 11 4.3 359.0
15-3 11 4.3 249.0
15-3 11 4.3 260.0
15-3 11 3.5 359.0
15-3 11 4.3 261.0
15-3 11 3.5 257.0
15-3 11 4.3 267.0
15-3 11 4.3 270.0
15-3 11 5.2 359.0
15-3 11 4.3 359.0
15-3 11 3.5 254.0
15-3 11 1.7 253.0
15-3 11 0.9 359.0
15-3 11 2.6 255.0
15-3 11 0.9 261.0
15-3 12 0.9 261.0
15-3 12 1.7 359.0
15-3 12 0.9 262.0
15-3 12 2.6 260.0
15-3 12 1.7 261.0
15-3 12 2.6 262.0
15-3 12 1.7 359.0
15-3 12 2.6 260.0
15-3 12 4.3 263.0
15-3 12 3.5 359.0
15-3 12 4.3 260.0
15-3 12 4.3 257.0
15-3 12 3.5 256.0
15-3 12 7.0 359.0
15-3 12 5.2 359.0
15-3 12 7.0 253.0
15-3 12 6.1 258.0
15-3 12 6.1 260.0
15-3 12 2.6 247.0
15-3 12 5.2 253.0
15-3 12 3.5 359.0
15-3 12 7.0 243.0
15-3 12 3.5 359.0
15-3 12 7.8 359.0
15-3 12 7.8 252.0
15-3 12 7.0 359.0
15-3 12 6.1 236.0
15-3 12 5.2 359.0
15-3 12 6.1 233.0
15-3 12 6.1 239.0
15-3 13 7.0 228.0
15-3 13 7.8 243.0
15-3 13 7.0 252.0
15-3 13 7.0 359.0
15-3 13 5.2 359.0
15-3 13 7.0 240.0
15-3 13 8.7 359.0
15-3 13 7.8 243.0
15-3 13 3.5 231.0
15-3 13 6.1 235.0
15-3 13 7.0 237.0
15-3 13 6.1 359.0
15-3 13 7.8 232.0
15-3 13 5.2 242.0
15-3 13 7.0 219.0
15-3 13 6.1 234.0
15-3 13 4.3 359.0
15-3 13 7.0 359.0
15-3 13 7.8 359.0
15-3 13 5.2 359.0
15-3 13 6.1 359.0
15-3 13 4.3 359.0
15-3 13 6.1 251.0
15-3 13 6.1 258.0
15-3 13 5.2 246.0
15-3 13 5.2 359.0
15-3 13 7.0 246.0
15-3 13 4.3 359.0
15-3 13 3.5 359.0
15-3 13 6.1 359.0
15-3 14 6.1 231.0
15-3 14 7.8 231.0
15-3 14 7.0 238.0
15-3 14 7.0 227.0
15-3 14 5.2 359.0
15-3 14 5.2 219.0
15-3 14 6.1 359.0
15-3 14 4.3 359.0
15-3 14 5.2 257.0
15-3 14 7.0 258.0
15-3 14 7.8 251.0
15-3 14 6.1 260.0
15-3 14 9.6 359.0
15-3 14 7.0 359.0
15-3 14 8.7 359.0
15-3 14 7.8 262.0
15-3 14 7.0 260.0
15-3 14 7.8 250.0
15-3 14 10.4 359.0
15-3 14 7.8 250.0
15-3 14 6.1 237.0
15-3 14 5.2 359.0
15-3 14 8.7 255.0
15-3 14 9.6 359.0
15-3 14 8.7 254.0
15-3 14 7.8 243.0
15-3 14 7.8 264.0
15-3 14 7.8 359.0
15-3 14 6.1 251.0
15-3 14 7.0 359.0
15-3 15 8.7 251.0
15-3 15 7.8 248.0
15-3 15 8.7 242.0
15-3 15 6.1 359.0
15-3 15 6.1 235.0
15-3 15 4.3 256.0
15-3 15 7.0 257.0
15-3 15 7.8 251.0
15-3 15 7.0 359.0
15-3 15 7.8 359.0
15-3 15 3.5 359.0
15-3 15 7.0 255.0
15-3 15 4.3 246.0
15-3 15 7.0 249.0
15-3 15 5.2 239.0
15-3 15 4.3 249.0
15-3 15 6.1 233.0
15-3 15 5.2 233.0
15-3 15 6.1 359.0
15-3 15 4.3 243.0
15-3 15 5.2 244.0
15-3 15 4.3 359.0
15-3 15 6.1 237.0
15-3 15 3.5 253.0
15-3 15 3.5 243.0
15-3 15 5.2 359.0
15-3 15 4.3 359.0
15-3 15 4.3 257.0
15-3 15 6.1 233.0
15-3 15 4.3 359.0
15-3 16 6.1 237.0
15-3 16 6.1 359.0
15-3 16 5.2 248.0
15-3 16 7.0 359.0
15-3 16 7.0 359.0
15-3 16 6.1 237.0
15-3 16 5.2 243.0
15-3 16 6.1 359.0
15-3 16 6.1 359.0
15-3 16 6.1 242.0
15-3 16 3.5 233.0
15-3 16 3.5 359.0
15-3 16 5.2 359.0
15-3 16 5.2 237.0
15-3 16 3.5 247.0
15-3 16 4.3 261.0
15-3 16 6.1 359.0
15-3 16 4.3 359.0
15-3 16 6.1 239.0
15-3 16 3.5 238.0
15-3 16 3.5 359.0
15-3 16 1.7 249.0
15-3 16 6.1 359.0
15-3 16 4.3 253.0
15-3 16 3.5 246.0
15-3 16 4.3 234.0
15-3 16 5.2 238.0
15-3 16 3.5 236.0
15-3 16 6.1 241.0
15-3 16 5.2 249.0
15-3 17 2.6 359.0
15-3 17 5.2 359.0
15-3 17 7.0 359.0
15-3 17 5.2 247.0
15-3 17 5.2 259.0
15-3 17 5.2 247.0
15-3 17 6.1 359.0
15-3 17 4.3 261.0
15-3 17 5.2 359.0
15-3 17 4.3 243.0
15-3 17 6.1 270.0
15-3 17 5.2 247.0
15-3 17 3.5 359.0
15-3 17 4.3 359.0
15-3 17 2.6 359.0
15-3 17 5.2 260.0
15-3 17 6.1 247.0
15-3 17 4.3 234.0
15-3 17 4.3 251.0
15-3 17 1.7 256.0
15-3 17 3.5 252.0
15-3 17 1.7 237.0
15-3 17 2.6 359.0
15-3 17 1.7 359.0
15-3 17 3.5 274.0
15-3 17 1.7 359.0
15-3 17 2.6 359.0
15-3 17 1.7 266.0
15-3 17 3.5 266.0
15-3 17 3.5 359.0
15-3 18 2.6 269.0
15-3 18 1.7 271.0
15-3 18 2.6 265.0
15-3 18 2.6 264.0
15-3 18 0.0 266.0
15-3 18 0.9 359.0
15-3 18 0.0 265.0
15-3 18 5.2 230.0
15-3 18 2.6 359.0
15-3 18 0.9 359.0
15-3 18 3.5 280.0
15-3 18 6.1 251.0
15-3 18 4.3 253.0
15-3 18 0.9 269.0
15-3 18 4.3 239.0
15-3 18 4.3 249.0
15-3 18 1.7 267.0
15-3 18 3.5 264.0
15-3 18 2.6 359.0
15-3 18 0.0 359.0
15-3 18 3.5 359.0
15-3 18 4.3 359.0
15-3 18 1.7 359.0
15-3 18 3.5 244.0
15-3 18 5.2 252.0
15-3 18 5.2 239.0
15-3 18 2.6 359.0
15-3 18 3.5 359.0
15-3 18 3.5 266.0
15-3 18 4.3 266.0
15-3 19 3.5 359.0
15-3 19 5.2 273.0
15-3 19 5.2 266.0
15-3 19 5.2 262.0
15-3 19 7.0 359.0
15-3 19 3.5 278.0
15-3 19 0.9 273.0
15-3 19 3.5 283.0
15-3 19 1.7 359.0
15-3 19 0.9 278.0
15-3 19 0.0 276.0
15-3 19 0.9 278.0
15-3 19 0.9 283.0
15-3 19 0.9 276.0
15-3 19 0.9 283.0
15-3 19 0.0 359.0
15-3 19 0.9 283.0
15-3 19 0.9 276.0
15-3 19 0.9 278.0
15-3 19 0.0 359.0
15-3 19 0.0 281.0
15-3 19 0.0 277.0
15-3 19 1.7 278.0
15-3 19 1.7 278.0
15-3 19 1.7 283.0
15-3 19 2.6 278.0
15-3 19 1.7 278.0
15-3 19 0.9 278.0
15-3 19 0.9 276.0
15-3 19 0.9 359.0
15-3 20 0.9 359.0
15-3 20 2.6 359.0
15-3 20 1.7 359.0
15-3 20 3.5 277.0
15-3 20 2.6 359.0
15-3 20 3.5 275.0
15-3 20 2.6 359.0
15-3 20 4.3 359.0
15-3 20 3.5 359.0
15-3 20 4.3 359.0
15-3 20 4.3 284.0
15-3 20 6.1 284.0
15-3 20 5.2 359.0
15-3 20 1.7 285.0
15-3 20 4.3 359.0
15-3 20 4.3 283.0
15-3 20 4.3 276.0
15-3 20 4.3 359.0
15-3 20 4.3 359.0
15-3 20 4.3 359.0
15-3 20 4.3 359.0
15-3 20 4.3 276.0
15-3 20 3.5 359.0
15-3 20 5.2 359.0
15-3 20 4.3 268.0
15-3 20 3.5 277.0
15-3 20 3.5 273.0
15-3 20 2.6 359.0
15-3 20 1.7 359.0
15-3 20 4.3 359.0
15-3 21 2.6 359.0
15-3 21 2.6 359.0
15-3 21 2.6 266.0
15-3 21 2.6 269.0
15-3 21 3.5 273.0
15-3 21 0.9 359.0
15-3 21 0.9 269.0
15-3 21 2.6 273.0
15-3 21 2.6 359.0
15-3 21 1.7 359.0
15-3 21 2.6 359.0
15-3 21 2.6 359.0
15-3 21 2.6 290.0
15-3 21 1.7 359.0
15-3 21 3.5 280.0
15-3 21 2.6 359.0
15-3 21 3.5 359.0
15-3 21 2.6 276.0
15-3 21 4.3 270.0
15-3 21 6.1 267.0
15-3 21 6.1 359.0
15-3 21 5.2 258.0
15-3 21 5.2 359.0
15-3 21 3.5 359.0
15-3 21 3.5 264.0
15-3 21 5.2 359.0
15-3 21 5.2 270.0
15-3 21 5.2 274.0
15-3 21 2.6 276.0
15-3 21 4.3 359.0
15-3 22 7.0 272.0
15-3 22 7.0 264.0
15-3 22 5.2 359.0
15-3 22 4.3 264.0
15-3 22 4.3 260.0
15-3 22 6.1 359.0
15-3 22 5.2 267.0
15-3 22 4.3 278.0
15-3 22 4.3 263.0
15-3 22 3.5 359.0
15-3 22 4.3 258.0
15-3 22 5.2 260.0
15-3 22 3.5 260.0
15-3 22 4.3 359.0
15-3 22 3.5 359.0
15-3 22 3.5 259.0
15-3 22 2.6 265.0
15-3 22 2.6 265.0
15-3 22 1.7 258.0
15-3 22 2.6 359.0
15-3 22 1.7 359.0
15-3 22 1.7 266.0
15-3 22 1.7 359.0
15-3 22 0.0 359.0
15-3 22 1.7 359.0
15-3 22 2.6 267.0
15-3 22 2.6 262.0
15-3 22 0.9 359.0
15-3 22 1.7 264.0
15-3 22 1.7 265.0
15-3 23 0.9 264.0
15-3 23 0.0 359.0
15-3 23 0.0 359.0
15-3 23 0.0 264.0
15-3 23 0.0 265.0
15-3 23 0.0 359.0
15-3 23 0.0 264.0
15-3 23 0.0 359.0
15-3 23 0.9 266.0
15-3 23 0.0 264.0
15-3 23 0.9 266.0
15-3 23 0.0 359.0
15-3 23 0.0 264.0
15-3 23 0.0 263.0
15-3 23 0.0 264.0
15-3 23 0.9 359.0
15-3 23 2.6 359.0
15-3 23 0.9 264.0
15-3 23 0.9 359.0
15-3 23 0.9 263.0
15-3 23 1.7 268.0
15-3 23 0.9 263.0
15-3 23 0.0 264.0
15-3 23 0.0 359.0
15-3 23 0.9 270.0
15-3 23 0.9 359.0
15-3 23 0.9 270.0
15-3 23 0.0 359.0
15-3 23 0.9 264.0
15-3 23 0.0 359.0
