15-4 5 0.9 359.0
15-4 5 2.6 220.0
15-4 5 2.6 220.0
15-4 5 4.3 220.0
15-4 5 4.3 359.0
15-4 5 4.3 175.0
15-4 5 2.6 173.0
15-4 5 2.6 175.0
15-4 5 3.5 175.0
15-4 5 1.7 173.0
15-4 5 2.6 173.0
15-4 5 3.5 174.0
15-4 5 3.5 173.0
15-4 5 4.3 173.0
15-4 5 3.5 175.0
15-4 5 0.0 174.0
15-4 5 1.7 175.0
15-4 5 6.1 174.0
15-4 5 2.6 127.0
15-4 5 2.6 128.0
15-4 5 1.7 127.0
15-4 5 1.7 128.0
15-4 5 1.7 127.0
15-4 5 0.9 128.0
15-4 5 4.3 128.0
15-4 5 0.9 127.0
15-4 5 3.5 129.0
15-4 5 3.5 127.0
15-4 5 5.2 127.0
15-4 5 2.6 127.0
15-4 6 4.3 127.0
15-4 6 3.5 127.0
15-4 6 4.3 127.0
15-4 6 4.3 127.0
15-4 6 4.3 128.0
15-4 6 3.5 127.0
15-4 6 2.6 127.0
15-4 6 1.7 128.0
15-4 6 2.6 128.0
15-4 6 3.5 127.0
15-4 6 3.5 127.0
15-4 6 4.3 128.0
15-4 6 3.5 127.0
15-4 6 4.3 128.0
15-4 6 4.3 128.0
15-4 6 2.6 127.0
15-4 6 3.5 127.0
15-4 6 3.5 127.0
15-4 6 4.3 127.0
15-4 6 2.6 128.0
15-4 6 2.6 128.0
15-4 6 3.5 127.0
15-4 6 1.7 128.0
15-4 6 4.3 127.0
15-4 6 3.5 127.0
15-4 6 3.5 127.0
15-4 6 4.3 127.0
15-4 6 2.6 128.0
15-4 6 4.3 127.0
15-4 6 2.6 127.0
15-4 7 1.7 127.0
15-4 7 1.7 127.0
15-4 7 2.6 127.0
15-4 7 2.6 127.0
15-4 7 3.5 127.0
15-4 7 2.6 127.0
15-4 7 2.6 127.0
15-4 7 3.5 127.0
15-4 7 0.9 127.0
15-4 7 0.0 127.0
15-4 7 1.7 127.0
15-4 7 0.9 128.0
15-4 7 1.7 127.0
15-4 7 0.9 128.0
15-4 7 1.7 127.0
15-4 7 2.6 127.0
15-4 7 3.5 127.0
15-4 7 2.6 127.0
15-4 7 2.6 127.0
15-4 7 2.6 127.0
15-4 7 2.6 127.0
15-4 7 2.6 127.0
15-4 7 2.6 128.0
15-4 7 2.6 127.0
15-4 7 2.6 127.0
15-4 7 2.6 127.0
15-4 7 2.6 128.0
15-4 7 0.0 127.0
15-4 7 1.7 127.0
15-4 7 3.5 127.0
15-4 8 3.5 127.0
15-4 8 2.6 127.0
15-4 8 2.6 127.0
15-4 8 2.6 127.0
15-4 8 2.6 127.0
15-4 8 0.9 127.0
15-4 8 1.7 127.0
15-4 8 0.0 127.0
15-4 8 0.0 127.0
15-4 8 0.9 127.0
15-4 8 0.9 127.0
15-4 8 1.7 127.0
15-4 8 1.7 127.0
15-4 8 2.6 127.0
15-4 8 2.6 127.0
15-4 8 0.9 127.0
15-4 8 0.9 127.0
15-4 8 1.7 127.0
15-4 8 1.7 127.0
15-4 8 0.9 127.0
15-4 8 0.9 127.0
15-4 8 0.0 127.0
15-4 8 0.0 127.0
15-4 8 1.7 127.0
15-4 8 1.7 127.0
15-4 8 1.7 127.0
15-4 8 0.9 127.0
15-4 8 0.9 127.0
15-4 8 1.7 127.0
15-4 8 2.6 127.0
15-4 9 2.6 127.0
15-4 9 2.6 127.0
15-4 9 1.7 127.0
15-4 9 1.7 127.0
15-4 9 1.7 127.0
15-4 9 2.6 127.0
15-4 9 4.3 127.0
15-4 9 2.6 127.0
15-4 9 2.6 127.0
15-4 9 1.7 127.0
15-4 9 2.6 127.0
15-4 9 0.0 127.0
15-4 9 1.7 127.0
15-4 9 2.6 127.0
15-4 9 2.6 127.0
15-4 9 1.7 127.0
15-4 9 0.0 127.0
15-4 9 0.0 127.0
15-4 9 0.0 127.0
15-4 9 0.0 127.0
15-4 9 1.7 127.0
15-4 9 0.0 127.0
15-4 9 0.9 127.0
15-4 9 1.7 127.0
15-4 9 2.6 127.0
15-4 9 2.6 127.0
15-4 9 1.7 127.0
15-4 9 1.7 127.0
15-4 9 1.7 127.0
15-4 9 1.7 127.0
15-4 10 0.9 127.0
15-4 10 2.6 127.0
15-4 10 2.6 127.0
15-4 10 2.6 128.0
15-4 10 1.7 127.0
15-4 10 2.6 127.0
15-4 10 1.7 127.0
15-4 10 1.7 127.0
15-4 10 1.7 127.0
15-4 10 0.9 127.0
15-4 10 1.7 127.0
15-4 10 2.6 127.0
15-4 10 2.6 127.0
15-4 10 3.5 127.0
15-4 10 3.5 127.0
15-4 10 2.6 127.0
15-4 10 4.3 126.0
15-4 10 4.3 126.0
15-4 10 4.3 126.0
15-4 10 2.6 125.0
15-4 10 4.3 120.0
15-4 10 2.6 114.0
15-4 10 3.5 113.0
15-4 10 2.6 112.0
15-4 10 2.6 112.0
15-4 10 2.6 112.0
15-4 10 2.6 114.0
15-4 10 3.5 113.0
15-4 10 3.5 114.0
15-4 10 3.5 114.0
15-4 11 3.5 112.0
15-4 11 6.1 116.0
15-4 11 6.1 118.0
15-4 11 3.5 127.0
15-4 11 4.3 126.0
15-4 11 5.2 125.0
15-4 11 5.2 125.0
15-4 11 3.5 127.0
15-4 11 4.3 184.0
15-4 11 6.1 184.0
15-4 11 4.3 184.0
15-4 11 4.3 183.0
15-4 11 5.2 183.0
15-4 11 5.2 184.0
15-4 11 5.2 183.0
15-4 11 5.2 183.0
15-4 11 6.1 359.0
15-4 11 5.2 359.0
15-4 11 5.2 210.0
15-4 11 6.1 359.0
15-4 11 6.1 212.0
15-4 11 5.2 209.0
15-4 11 5.2 359.0
15-4 11 5.2 211.0
15-4 11 6.1 210.0
15-4 11 5.2 210.0
15-4 11 6.1 212.0
15-4 11 2.6 359.0
15-4 11 2.6 210.0
15-4 11 3.5 359.0
15-4 12 3.5 359.0
15-4 12 4.3 210.0
15-4 12 1.7 210.0
15-4 12 4.3 211.0
15-4 12 2.6 210.0
15-4 12 4.3 359.0
15-4 12 6.1 210.0
15-4 12 4.3 210.0
15-4 12 3.5 210.0
15-4 12 4.3 210.0
15-4 12 3.5 210.0
15-4 12 2.6 210.0
15-4 12 5.2 210.0
15-4 12 4.3 210.0
15-4 12 4.3 210.0
15-4 12 5.2 210.0
15-4 12 4.3 210.0
15-4 12 4.3 210.0
15-4 12 2.6 210.0
15-4 12 3.5 210.0
15-4 12 6.1 210.0
15-4 12 4.3 210.0
15-4 12 3.5 210.0
15-4 12 4.3 210.0
15-4 12 4.3 210.0
15-4 12 4.3 210.0
15-4 12 3.5 210.0
15-4 12 4.3 210.0
15-4 12 2.6 210.0
15-4 12 6.1 210.0
15-4 13 5.2 210.0
15-4 13 5.2 210.0
15-4 13 6.1 211.0
15-4 13 4.3 211.0
15-4 13 7.0 210.0
15-4 13 6.1 210.0
15-4 13 6.1 216.0
15-4 13 7.0 216.0
15-4 13 6.1 216.0
15-4 13 3.5 216.0
15-4 13 5.2 217.0
15-4 13 4.3 216.0
15-4 13 3.5 216.0
15-4 13 3.5 216.0
15-4 13 3.5 216.0
15-4 13 4.3 216.0
15-4 13 4.3 216.0
15-4 13 5.2 216.0
15-4 13 5.2 217.0
15-4 13 7.0 217.0
15-4 13 6.1 217.0
15-4 13 7.0 217.0
15-4 13 5.2 217.0
15-4 13 5.2 216.0
15-4 13 6.1 216.0
15-4 13 6.1 216.0
15-4 13 7.0 216.0
15-4 13 4.3 216.0
15-4 13 4.3 217.0
15-4 14 5.2 216.0
15-4 14 5.2 217.0
15-4 14 3.5 216.0
15-4 14 3.5 216.0
15-4 14 3.5 216.0
15-4 14 4.3 216.0
15-4 14 3.5 216.0
15-4 14 5.2 217.0
15-4 14 4.3 217.0
15-4 14 2.6 216.0
15-4 14 0.9 216.0
15-4 14 4.3 216.0
15-4 14 2.6 216.0
15-4 14 1.7 216.0
15-4 14 2.6 216.0
15-4 14 1.7 216.0
15-4 14 4.3 216.0
15-4 14 5.2 359.0
15-4 14 6.1 216.0
15-4 14 6.1 216.0
15-4 14 4.3 359.0
15-4 14 5.2 216.0
15-4 14 5.2 216.0
15-4 14 4.3 216.0
15-4 14 3.5 216.0
15-4 14 4.3 216.0
15-4 14 5.2 218.0
15-4 14 5.2 218.0
15-4 14 3.5 359.0
15-4 14 3.5 216.0
15-4 15 3.5 218.0
15-4 15 4.3 216.0
15-4 15 5.2 359.0
15-4 15 4.3 359.0
15-4 15 4.3 216.0
15-4 15 2.6 359.0
15-4 15 4.3 216.0
15-4 15 4.3 359.0
15-4 15 2.6 359.0
15-4 15 3.5 216.0
15-4 15 3.5 218.0
15-4 15 3.5 216.0
15-4 15 4.3 216.0
15-4 15 4.3 216.0
15-4 15 5.2 216.0
15-4 15 2.6 359.0
15-4 15 2.6 218.0
15-4 15 4.3 216.0
15-4 15 3.5 216.0
15-4 15 6.1 359.0
15-4 15 3.5 216.0
15-4 15 5.2 216.0
15-4 15 2.6 359.0
15-4 15 5.2 216.0
15-4 15 5.2 359.0
15-4 15 4.3 216.0
15-4 15 5.2 216.0
15-4 15 5.2 216.0
15-4 15 5.2 216.0
15-4 15 3.5 216.0
15-4 16 5.2 216.0
15-4 16 5.2 216.0
15-4 16 2.6 216.0
15-4 16 5.2 216.0
15-4 16 4.3 359.0
15-4 16 7.0 218.0
15-4 16 5.2 216.0
15-4 16 5.2 216.0
15-4 16 5.2 216.0
15-4 16 4.3 216.0
15-4 16 7.0 216.0
15-4 16 4.3 218.0
15-4 16 7.0 216.0
15-4 16 7.0 216.0
15-4 16 7.0 216.0
15-4 16 5.2 216.0
15-4 16 6.1 223.0
15-4 16 9.6 239.0
15-4 16 7.0 240.0
15-4 16 7.0 253.0
15-4 16 7.0 283.0
15-4 16 7.0 279.0
15-4 16 8.7 268.0
15-4 16 7.0 265.0
15-4 16 6.1 359.0
15-4 16 10.4 279.0
15-4 16 7.8 245.0
15-4 16 7.8 359.0
15-4 16 7.0 359.0
15-4 16 12.2 266.0
15-4 17 12.2 268.0
15-4 17 11.3 286.0
15-4 17 9.6 273.0
15-4 17 13.9 279.0
15-4 17 12.2 359.0
15-4 17 13.9 272.0
15-4 17 9.6 284.0
15-4 17 11.3 359.0
15-4 17 15.6 359.0
15-4 17 9.6 359.0
15-4 17 7.0 263.0
15-4 17 12.2 265.0
15-4 17 13.9 359.0
15-4 17 12.2 280.0
15-4 17 13.9 235.0
15-4 17 8.7 256.0
15-4 17 11.3 256.0
15-4 17 13.0 275.0
15-4 17 12.2 260.0
15-4 17 14.8 260.0
15-4 17 13.9 280.0
15-4 17 14.8 272.0
15-4 17 10.4 289.0
15-4 17 10.4 359.0
15-4 17 12.2 359.0
15-4 17 13.9 359.0
15-4 17 10.4 262.0
15-4 17 12.2 359.0
15-4 17 14.8 278.0
15-4 17 10.4 248.0
15-4 18 11.3 261.0
15-4 18 9.6 359.0
15-4 18 13.0 359.0
15-4 18 10.4 359.0
15-4 18 12.2 264.0
15-4 18 12.2 359.0
15-4 18 10.4 241.0
15-4 18 13.0 252.0
15-4 18 11.3 252.0
15-4 18 8.7 359.0
15-4 18 8.7 359.0
15-4 18 12.2 359.0
15-4 18 11.3 248.0
15-4 18 12.2 257.0
15-4 18 13.0 260.0
15-4 18 8.7 264.0
15-4 18 16.5 241.0
15-4 18 11.3 249.0
15-4 18 10.4 272.0
15-4 18 19.1 359.0
15-4 18 12.2 285.0
15-4 18 17.4 232.0
15-4 18 18.2 359.0
15-4 18 19.1 256.0
15-4 18 19.1 359.0
15-4 18 21.7 272.0
15-4 18 23.5 359.0
15-4 18 20.9 274.0
15-4 18 16.5 256.0
15-4 18 14.8 264.0
15-4 19 18.2 280.0
15-4 19 21.7 280.0
15-4 19 20.0 284.0
15-4 19 19.1 359.0
15-4 19 13.9 359.0
15-4 19 21.7 276.0
15-4 19 16.5 280.0
15-4 19 20.0 278.0
15-4 19 15.6 267.0
15-4 19 19.1 359.0
15-4 19 20.0 283.0
15-4 19 15.6 260.0
15-4 19 20.0 293.0
15-4 19 21.7 292.0
15-4 19 21.7 278.0
15-4 19 16.5 268.0
15-4 19 19.1 359.0
15-4 19 22.6 359.0
15-4 19 18.2 259.0
15-4 19 16.5 359.0
15-4 19 19.1 272.0
15-4 19 15.6 294.0
15-4 19 17.4 359.0
15-4 19 17.4 285.0
15-4 19 15.6 292.0
15-4 19 18.2 359.0
15-4 19 20.0 287.0
15-4 19 24.3 287.0
15-4 19 20.0 276.0
15-4 19 20.0 359.0
15-4 20 16.5 293.0
15-4 20 18.2 283.0
15-4 20 12.2 359.0
15-4 20 14.8 287.0
15-4 20 14.8 359.0
15-4 20 16.5 274.0
15-4 20 15.6 359.0
15-4 20 18.2 275.0
15-4 20 18.2 276.0
15-4 20 18.2 359.0
15-4 20 21.7 264.0
15-4 20 17.4 270.0
15-4 20 19.1 285.0
15-4 20 18.2 262.0
15-4 20 17.4 283.0
15-4 20 20.0 359.0
15-4 20 20.0 266.0
