16-3 4 2.6 359.0
16-3 4 0.9 359.0
16-3 4 0.9 359.0
16-3 4 1.7 359.0
16-3 4 0.9 359.0
16-3 4 0.9 162.0
16-3 4 0.9 359.0
16-3 4 0.9 359.0
16-3 4 0.0 359.0
16-3 4 1.7 359.0
16-3 4 0.9 359.0
16-3 4 1.7 359.0
16-3 4 0.0 359.0
16-3 4 0.9 359.0
16-3 4 0.0 359.0
16-3 4 0.9 359.0
16-3 4 0.0 359.0
16-3 4 0.0 359.0
16-3 4 0.9 359.0
16-3 4 0.0 359.0
16-3 4 0.9 359.0
16-3 4 0.0 359.0
16-3 4 0.0 359.0
16-3 4 0.0 163.0
16-3 4 0.0 359.0
16-3 4 1.7 359.0
16-3 4 0.9 359.0
16-3 4 0.9 359.0
16-3 4 0.9 359.0
16-3 5 0.9 359.0
16-3 5 0.0 359.0
16-3 5 0.0 359.0
16-3 5 0.0 359.0
16-3 5 0.0 359.0
16-3 5 0.0 359.0
16-3 5 0.9 359.0
16-3 5 2.6 359.0
16-3 5 0.9 359.0
16-3 5 0.9 359.0
16-3 5 0.9 359.0
16-3 5 2.6 359.0
16-3 5 1.7 359.0
16-3 5 1.7 359.0
16-3 5 0.9 359.0
16-3 5 0.9 359.0
16-3 5 0.9 359.0
16-3 5 0.9 359.0
16-3 5 0.0 359.0
16-3 5 0.0 359.0
16-3 5 0.0 359.0
16-3 5 0.9 359.0
16-3 5 1.7 359.0
16-3 5 0.0 359.0
16-3 5 0.9 359.0
16-3 5 0.0 359.0
16-3 5 0.9 359.0
16-3 5 1.7 359.0
16-3 5 0.9 359.0
16-3 5 0.0 359.0
16-3 6 1.7 359.0
16-3 6 1.7 359.0
16-3 6 0.9 359.0
16-3 6 0.9 359.0
16-3 6 1.7 359.0
16-3 6 0.0 359.0
16-3 6 2.6 359.0
16-3 6 1.7 359.0
16-3 6 0.9 359.0
16-3 6 0.9 359.0
16-3 6 0.0 359.0
16-3 6 0.0 359.0
16-3 6 0.0 359.0
16-3 6 0.0 359.0
16-3 6 0.0 359.0
16-3 6 0.9 359.0
16-3 6 0.9 359.0
16-3 6 1.7 359.0
16-3 6 0.9 359.0
16-3 6 1.7 359.0
16-3 6 3.5 359.0
16-3 6 0.0 268.0
16-3 6 0.0 359.0
16-3 6 0.9 275.0
16-3 6 0.9 277.0
16-3 6 2.6 285.0
16-3 6 3.5 359.0
16-3 6 1.7 359.0
16-3 6 2.6 359.0
16-3 6 2.6 9.0
16-3 7 1.7 9.0
16-3 7 2.6 9.0
16-3 7 1.7 12.0
16-3 7 1.7 12.0
16-3 7 0.9 12.0
16-3 7 2.6 12.0
16-3 7 1.7 12.0
16-3 7 1.7 12.0
16-3 7 2.6 12.0
16-3 7 1.7 12.0
16-3 7 1.7 12.0
16-3 7 0.0 12.0
16-3 7 0.9 12.0
16-3 7 0.9 13.0
16-3 7 0.9 12.0
16-3 7 2.6 31.0
16-3 7 3.5 359.0
16-3 7 1.7 39.0
16-3 7 2.6 359.0
16-3 7 3.5 39.0
16-3 7 3.5 359.0
16-3 7 2.6 359.0
16-3 7 1.7 359.0
16-3 7 2.6 359.0
16-3 7 4.3 359.0
16-3 7 2.6 359.0
16-3 7 3.5 359.0
16-3 7 4.3 359.0
16-3 7 2.6 359.0
16-3 7 3.5 359.0
16-3 8 3.5 359.0
16-3 8 3.5 359.0
16-3 8 4.3 10.0
16-3 8 3.5 359.0
16-3 8 4.3 349.0
16-3 8 2.6 347.0
16-3 8 0.9 349.0
16-3 8 3.5 350.0
16-3 8 1.7 359.0
16-3 8 1.7 359.0
16-3 8 2.6 359.0
16-3 8 1.7 359.0
16-3 8 2.6 359.0
16-3 8 1.7 343.0
16-3 8 1.7 345.0
16-3 8 2.6 359.0
16-3 8 2.6 354.0
16-3 8 2.6 349.0
16-3 8 2.6 359.0
16-3 8 2.6 359.0
16-3 8 0.9 359.0
16-3 8 0.9 359.0
16-3 8 2.6 359.0
16-3 8 1.7 359.0
16-3 8 1.7 347.0
16-3 8 0.9 359.0
16-3 8 1.7 347.0
16-3 8 4.3 12.0
16-3 8 6.1 37.0
16-3 8 5.2 34.0
16-3 9 6.1 359.0
16-3 9 2.6 359.0
16-3 9 1.7 359.0
16-3 9 3.5 359.0
16-3 9 2.6 359.0
16-3 9 3.5 359.0
16-3 9 2.6 359.0
16-3 9 2.6 359.0
16-3 9 0.9 359.0
16-3 9 1.7 359.0
16-3 9 2.6 15.0
16-3 9 1.7 14.0
16-3 9 4.3 359.0
16-3 9 1.7 359.0
16-3 9 3.5 359.0
16-3 9 4.3 340.0
16-3 9 7.0 359.0
16-3 9 5.2 359.0
16-3 9 4.3 305.0
16-3 9 3.5 359.0
16-3 9 7.8 297.0
16-3 9 4.3 359.0
16-3 9 4.3 326.0
16-3 9 6.1 359.0
16-3 9 3.5 331.0
16-3 9 4.3 359.0
16-3 9 3.5 359.0
16-3 9 6.1 359.0
16-3 9 7.8 310.0
16-3 9 6.1 308.0
16-3 10 6.1 359.0
16-3 10 5.2 303.0
16-3 10 7.0 359.0
16-3 10 7.0 359.0
16-3 10 4.3 305.0
16-3 10 3.5 305.0
16-3 10 4.3 359.0
16-3 10 2.6 272.0
16-3 10 6.1 359.0
16-3 10 1.7 272.0
16-3 10 4.3 359.0
16-3 10 3.5 282.0
16-3 10 5.2 282.0
16-3 10 4.3 359.0
16-3 10 4.3 359.0
16-3 10 3.5 273.0
16-3 10 6.1 325.0
16-3 10 7.0 359.0
16-3 10 6.1 307.0
16-3 10 7.8 299.0
16-3 10 6.1 308.0
16-3 10 7.8 359.0
16-3 10 10.4 314.0
16-3 10 7.8 300.0
16-3 10 10.4 291.0
16-3 10 9.6 301.0
16-3 10 9.6 359.0
16-3 10 10.4 297.0
16-3 10 10.4 302.0
16-3 10 7.0 285.0
16-3 11 7.8 359.0
16-3 11 8.7 359.0
16-3 11 8.7 359.0
16-3 11 11.3 314.0
16-3 11 8.7 298.0
16-3 11 7.8 299.0
16-3 11 9.6 292.0
16-3 11 7.0 290.0
16-3 11 9.6 308.0
16-3 11 9.6 359.0
16-3 11 8.7 287.0
16-3 11 11.3 310.0
16-3 11 11.3 318.0
16-3 11 9.6 314.0
16-3 11 5.2 307.0
16-3 11 8.7 303.0
16-3 11 7.0 310.0
16-3 11 6.1 359.0
16-3 11 6.1 359.0
16-3 11 7.8 318.0
16-3 11 7.8 315.0
16-3 11 7.8 311.0
16-3 11 7.8 300.0
16-3 11 7.0 289.0
16-3 11 7.0 291.0
16-3 11 7.8 299.0
16-3 11 8.7 359.0
16-3 11 7.0 359.0
16-3 11 7.0 318.0
16-3 11 8.7 312.0
16-3 12 9.6 311.0
16-3 12 8.7 285.0
16-3 12 8.7 305.0
16-3 12 10.4 284.0
16-3 12 9.6 298.0
16-3 12 10.4 295.0
16-3 12 7.8 280.0
16-3 12 11.3 292.0
16-3 12 11.3 280.0
16-3 12 11.3 281.0
16-3 12 12.2 288.0
16-3 12 11.3 294.0
16-3 12 11.3 294.0
16-3 12 11.3 285.0
16-3 12 9.6 273.0
16-3 12 10.4 284.0
16-3 12 9.6 277.0
16-3 12 13.0 280.0
16-3 12 13.0 279.0
16-3 12 12.2 287.0
16-3 12 10.4 286.0
16-3 12 10.4 278.0
16-3 12 10.4 305.0
16-3 12 7.8 314.0
16-3 12 11.3 308.0
16-3 12 13.0 305.0
16-3 12 12.2 359.0
16-3 12 13.0 339.0
16-3 12 9.6 359.0
16-3 12 10.4 302.0
16-3 13 12.2 359.0
16-3 13 13.0 309.0
16-3 13 11.3 303.0
16-3 13 7.0 293.0
16-3 13 12.2 305.0
16-3 13 10.4 359.0
16-3 13 7.0 320.0
16-3 13 12.2 306.0
16-3 13 11.3 284.0
16-3 13 12.2 295.0
16-3 13 10.4 295.0
16-3 13 9.6 359.0
16-3 13 11.3 279.0
16-3 13 12.2 283.0
16-3 13 12.2 289.0
16-3 13 10.4 280.0
16-3 13 12.2 285.0
16-3 13 11.3 287.0
16-3 13 11.3 293.0
16-3 13 13.9 304.0
16-3 13 12.2 292.0
16-3 13 14.8 293.0
16-3 13 13.0 359.0
16-3 13 16.5 289.0
16-3 13 12.2 287.0
16-3 13 13.0 285.0
16-3 13 12.2 300.0
16-3 13 11.3 291.0
16-3 13 15.6 309.0
16-3 13 13.0 278.0
16-3 14 13.0 290.0
16-3 14 13.9 286.0
16-3 14 14.8 293.0
16-3 14 12.2 296.0
16-3 14 14.8 287.0
16-3 14 11.3 289.0
16-3 14 10.4 286.0
16-3 14 11.3 359.0
16-3 14 13.0 280.0
16-3 14 14.8 284.0
16-3 14 13.0 287.0
16-3 14 13.0 288.0
16-3 14 12.2 283.0
16-3 14 13.9 280.0
16-3 14 13.0 287.0
16-3 14 13.9 282.0
16-3 14 14.8 296.0
16-3 14 13.9 259.0
16-3 14 13.9 283.0
16-3 14 14.8 288.0
16-3 14 13.0 267.0
16-3 14 13.0 285.0
16-3 14 12.2 294.0
16-3 14 12.2 298.0
16-3 14 11.3 284.0
16-3 14 12.2 267.0
16-3 14 8.7 299.0
16-3 14 11.3 359.0
16-3 14 12.2 278.0
16-3 14 13.9 286.0
16-3 15 9.6 285.0
16-3 15 10.4 287.0
16-3 15 10.4 308.0
16-3 15 13.9 277.0
16-3 15 13.9 299.0
16-3 15 11.3 303.0
16-3 15 9.6 301.0
16-3 15 12.2 283.0
16-3 15 11.3 286.0
16-3 15 13.9 287.0
16-3 15 11.3 287.0
16-3 15 15.6 285.0
16-3 15 14.8 295.0
16-3 15 10.4 307.0
16-3 15 13.0 293.0
16-3 15 11.3 296.0
16-3 15 9.6 296.0
16-3 15 9.6 285.0
16-3 15 10.4 290.0
16-3 15 8.7 285.0
16-3 15 12.2 291.0
16-3 15 12.2 290.0
16-3 15 7.8 297.0
16-3 15 7.8 287.0
16-3 15 13.9 265.0
16-3 15 10.4 266.0
16-3 15 11.3 284.0
16-3 15 11.3 303.0
16-3 15 8.7 287.0
16-3 15 9.6 280.0
16-3 16 11.3 276.0
16-3 16 12.2 287.0
16-3 16 10.4 289.0
16-3 16 10.4 270.0
16-3 16 10.4 243.0
16-3 16 11.3 246.0
16-3 16 9.6 251.0
16-3 16 10.4 238.0
16-3 16 13.9 359.0
16-3 16 13.0 271.0
16-3 16 11.3 359.0
16-3 16 10.4 359.0
16-3 16 14.8 249.0
16-3 16 15.6 359.0
16-3 16 12.2 359.0
16-3 16 9.6 359.0
16-3 16 13.0 256.0
16-3 16 13.0 264.0
16-3 16 13.9 261.0
16-3 16 9.6 359.0
16-3 16 6.1 270.0
16-3 16 9.6 260.0
16-3 16 9.6 359.0
16-3 16 9.6 270.0
16-3 16 11.3 359.0
16-3 16 12.2 266.0
16-3 16 9.6 263.0
16-3 16 12.2 271.0
16-3 16 15.6 246.0
16-3 16 11.3 260.0
16-3 17 11.3 268.0
16-3 17 12.2 256.0
16-3 17 18.2 258.0
16-3 17 8.7 241.0
16-3 17 12.2 261.0
16-3 17 11.3 239.0
16-3 17 10.4 359.0
16-3 17 9.6 257.0
16-3 17 11.3 261.0
16-3 17 10.4 269.0
16-3 17 10.4 274.0
16-3 17 8.7 359.0
16-3 17 11.3 359.0
16-3 17 8.7 260.0
16-3 17 9.6 264.0
16-3 17 8.7 264.0
16-3 17 9.6 270.0
16-3 17 9.6 262.0
16-3 17 8.7 261.0
16-3 17 7.0 266.0
16-3 17 10.4 262.0
16-3 17 10.4 256.0
16-3 17 13.0 263.0
16-3 17 10.4 259.0
16-3 17 7.8 228.0
16-3 17 10.4 251.0
16-3 17 13.9 239.0
16-3 17 9.6 262.0
16-3 17 7.8 247.0
16-3 17 11.3 264.0
16-3 18 7.0 359.0
16-3 18 6.1 250.0
16-3 18 14.8 359.0
16-3 18 8.7 272.0
16-3 18 13.0 359.0
16-3 18 8.7 359.0
16-3 18 13.0 253.0
16-3 18 7.0 252.0
16-3 18 12.2 359.0
16-3 18 13.0 253.0
16-3 18 12.2 249.0
16-3 18 12.2 359.0
16-3 18 8.7 250.0
16-3 18 11.3 252.0
16-3 18 9.6 359.0
16-3 18 10.4 231.0
16-3 18 9.6 221.0
16-3 18 6.1 257.0
16-3 18 8.7 231.0
16-3 18 6.1 359.0
16-3 18 6.1 359.0
16-3 18 3.5 248.0
16-3 18 5.2 280.0
16-3 18 6.1 298.0
16-3 18 2.6 228.0
16-3 18 7.0 293.0
16-3 18 6.1 270.0
16-3 18 7.0 359.0
16-3 18 9.6 359.0
16-3 18 6.1 258.0
16-3 19 7.0 359.0
16-3 19 6.1 289.0
16-3 19 5.2 242.0
16-3 19 4.3 260.0
16-3 19 5.2 276.0
16-3 19 7.0 359.0
16-3 19 5.2 359.0
16-3 19 5.2 359.0
16-3 19 5.2 285.0
16-3 19 7.0 294.0
16-3 19 4.3 272.0
16-3 19 4.3 278.0
16-3 19 7.0 359.0
16-3 19 6.1 289.0
16-3 19 6.1 291.0
16-3 19 5.2 268.0
16-3 19 6.1 285.0
16-3 19 4.3 359.0
16-3 19 5.2 270.0
16-3 19 3.5 239.0
16-3 19 7.0 359.0
16-3 19 6.1 359.0
16-3 19 6.1 228.0
16-3 19 6.1 215.0
16-3 19 5.2 222.0
16-3 19 3.5 220.0
16-3 19 2.6 235.0
16-3 19 3.5 236.0
16-3 19 3.5 224.0
16-3 19 3.5 359.0
16-3 20 4.3 359.0
16-3 20 4.3 233.0
16-3 20 2.6 235.0
16-3 20 1.7 359.0
16-3 20 4.3 240.0
16-3 20 3.5 220.0
16-3 20 4.3 240.0
16-3 20 4.3 228.0
16-3 20 3.5 359.0
16-3 20 3.5 226.0
16-3 20 1.7 228.0
16-3 20 3.5 230.0
16-3 20 3.5 359.0
16-3 20 3.5 238.0
16-3 20 2.6 243.0
16-3 20 1.7 247.0
16-3 20 0.9 359.0
16-3 20 0.9 359.0
16-3 20 0.0 249.0
16-3 20 0.9 359.0
16-3 20 0.0 248.0
16-3 20 1.7 307.0
16-3 20 0.0 308.0
16-3 20 0.9 359.0
16-3 20 1.7 305.0
16-3 20 1.7 359.0
16-3 20 3.5 306.0
16-3 20 1.7 359.0
16-3 20 3.5 243.0
16-3 20 1.7 276.0
16-3 21 3.5 283.0
16-3 21 2.6 253.0
16-3 21 2.6 359.0
16-3 21 1.7 254.0
16-3 21 2.6 256.0
16-3 21 1.7 258.0
16-3 21 3.5 291.0
16-3 21 1.7 312.0
16-3 21 4.3 294.0
16-3 21 4.3 341.0
16-3 21 6.1 336.0
16-3 21 7.8 316.0
16-3 21 3.5 318.0
16-3 21 10.4 339.0
16-3 21 7.8 359.0
16-3 21 7.0 359.0
16-3 21 7.8 359.0
16-3 21 7.0 4.0
16-3 21 3.5 359.0
16-3 21 3.5 8.0
16-3 21 2.6 359.0
16-3 21 6.1 359.0
16-3 21 9.6 354.0
16-3 21 7.8 354.0
16-3 21 4.3 359.0
16-3 21 5.2 349.0
16-3 21 5.2 359.0
16-3 21 6.1 329.0
16-3 21 9.6 323.0
16-3 21 7.8 322.0
16-3 22 7.0 322.0
16-3 22 5.2 359.0
16-3 22 8.7 359.0
16-3 22 7.8 297.0
16-3 22 7.0 310.0
16-3 22 7.0 299.0
16-3 22 7.0 300.0
16-3 22 7.0 301.0
16-3 22 7.8 301.0
16-3 22 5.2 359.0
16-3 22 0.9 212.0
16-3 22 0.9 211.0
16-3 22 2.6 213.0
16-3 22 4.3 212.0
16-3 22 1.7 212.0
16-3 22 2.6 218.0
16-3 23 1.7 359.0
16-3 23 1.7 233.0
16-3 23 1.7 284.0
16-3 23 0.9 284.0
16-3 23 3.5 289.0
16-3 23 3.5 269.0
16-3 23 0.0 288.0
16-3 23 0.9 289.0
16-3 23 2.6 326.0
16-3 23 1.7 312.0
16-3 23 2.6 359.0
16-3 23 4.3 329.0
16-3 23 2.6 294.0
16-3 23 3.5 303.0
16-3 23 3.5 277.0
16-3 23 2.6 275.0
16-3 23 1.7 359.0
16-3 23 4.3 289.0
16-3 23 2.6 283.0
16-3 23 3.5 270.0
16-3 23 0.9 271.0
16-3 23 0.9 270.0
16-3 23 1.7 359.0
16-3 23 0.9 359.0
16-3 23 2.6 335.0
16-3 23 7.0 341.0
16-3 23 4.3 324.0
16-3 23 5.2 359.0
16-3 23 4.3 336.0
16-3 23 7.0 354.0
