17-3 4 1.7 69.0
17-3 4 0.9 71.0
17-3 4 0.0 77.0
17-3 4 0.0 70.0
17-3 4 0.0 78.0
17-3 4 0.0 70.0
17-3 4 0.0 359.0
17-3 4 1.7 71.0
17-3 4 0.9 77.0
17-3 4 0.0 72.0
17-3 4 1.7 73.0
17-3 4 2.6 75.0
17-3 4 2.6 80.0
17-3 4 1.7 82.0
17-3 4 0.9 83.0
17-3 4 0.0 82.0
17-3 4 1.7 81.0
17-3 4 1.7 83.0
17-3 4 1.7 86.0
17-3 4 0.0 71.0
17-3 4 0.0 71.0
17-3 4 0.9 77.0
17-3 4 4.3 77.0
17-3 4 5.2 81.0
17-3 4 0.9 130.0
17-3 4 2.6 74.0
17-3 4 0.0 132.0
17-3 4 4.3 84.0
17-3 4 3.5 58.0
17-3 5 4.3 65.0
17-3 5 2.6 66.0
17-3 5 2.6 80.0
17-3 5 4.3 66.0
17-3 5 3.5 71.0
17-3 5 5.2 92.0
17-3 5 5.2 84.0
17-3 5 6.1 88.0
17-3 5 5.2 91.0
17-3 5 2.6 93.0
17-3 5 2.6 97.0
17-3 5 2.6 116.0
17-3 5 0.0 122.0
17-3 5 3.5 108.0
17-3 5 6.1 100.0
17-3 5 5.2 89.0
17-3 5 4.3 76.0
17-3 5 2.6 79.0
17-3 5 0.9 85.0
17-3 5 0.9 68.0
17-3 5 0.0 62.0
17-3 5 4.3 57.0
17-3 5 1.7 36.0
17-3 5 4.3 61.0
17-3 5 0.0 75.0
17-3 5 1.7 82.0
17-3 5 0.0 85.0
17-3 5 0.0 85.0
17-3 5 0.0 84.0
17-3 5 0.0 359.0
17-3 6 0.9 83.0
17-3 6 2.6 86.0
17-3 6 4.3 85.0
17-3 6 2.6 87.0
17-3 6 1.7 86.0
17-3 6 4.3 88.0
17-3 6 2.6 87.0
17-3 6 4.3 85.0
17-3 6 2.6 87.0
17-3 6 0.0 86.0
17-3 6 2.6 89.0
17-3 6 2.6 89.0
17-3 6 5.2 85.0
17-3 6 4.3 87.0
17-3 6 5.2 87.0
17-3 6 5.2 81.0
17-3 6 4.3 72.0
17-3 6 3.5 67.0
17-3 6 1.7 359.0
17-3 6 0.0 54.0
17-3 6 0.9 80.0
17-3 6 0.9 80.0
17-3 6 1.7 79.0
17-3 6 0.0 80.0
17-3 6 0.9 81.0
17-3 6 0.9 82.0
17-3 6 0.9 83.0
17-3 6 0.0 359.0
17-3 6 1.7 136.0
17-3 6 2.6 131.0
17-3 7 3.5 140.0
17-3 7 0.9 131.0
17-3 7 0.0 133.0
17-3 7 0.0 136.0
17-3 7 1.7 133.0
17-3 7 0.9 89.0
17-3 7 3.5 359.0
17-3 7 1.7 76.0
17-3 7 2.6 359.0
17-3 7 0.0 77.0
17-3 7 1.7 73.0
17-3 7 2.6 75.0
17-3 7 0.0 359.0
17-3 7 1.7 74.0
17-3 7 0.0 75.0
17-3 7 1.7 74.0
17-3 7 2.6 75.0
17-3 7 1.7 359.0
17-3 7 3.5 76.0
17-3 7 3.5 359.0
17-3 7 2.6 81.0
17-3 7 2.6 87.0
17-3 7 2.6 102.0
17-3 7 4.3 92.0
17-3 7 1.7 100.0
17-3 7 0.9 92.0
17-3 7 0.9 359.0
17-3 7 1.7 87.0
17-3 7 1.7 85.0
17-3 7 2.6 83.0
17-3 8 0.9 359.0
17-3 8 1.7 77.0
17-3 8 3.5 359.0
17-3 8 0.0 80.0
17-3 8 0.9 87.0
17-3 8 0.0 359.0
17-3 8 1.7 83.0
17-3 8 0.9 81.0
17-3 8 0.9 82.0
17-3 8 0.9 83.0
17-3 8 0.0 84.0
17-3 8 1.7 83.0
17-3 8 2.6 84.0
17-3 8 1.7 84.0
17-3 8 1.7 80.0
17-3 8 0.9 81.0
17-3 8 0.9 77.0
17-3 8 0.0 77.0
17-3 8 0.0 77.0
17-3 8 0.0 78.0
17-3 8 0.0 77.0
17-3 8 0.0 77.0
17-3 8 0.0 78.0
17-3 8 0.0 77.0
17-3 8 0.0 79.0
17-3 8 0.0 77.0
17-3 8 0.0 79.0
17-3 8 0.0 79.0
17-3 8 0.0 79.0
17-3 8 0.0 79.0
17-3 9 0.9 78.0
17-3 9 0.0 77.0
17-3 9 0.0 76.0
17-3 9 0.9 76.0
17-3 9 1.7 76.0
17-3 9 1.7 76.0
17-3 9 0.9 75.0
17-3 9 1.7 76.0
17-3 9 1.7 75.0
17-3 9 1.7 341.0
17-3 9 1.7 341.0
17-3 9 2.6 341.0
17-3 9 1.7 340.0
17-3 9 2.6 339.0
17-3 9 0.9 343.0
17-3 9 0.9 345.0
17-3 9 0.0 359.0
17-3 9 0.9 343.0
17-3 9 0.0 343.0
17-3 9 0.0 359.0
17-3 9 0.9 343.0
17-3 9 0.9 344.0
17-3 9 1.7 118.0
17-3 9 0.0 118.0
17-3 9 1.7 105.0
17-3 9 8.7 112.0
17-3 9 6.1 177.0
17-3 9 6.1 152.0
17-3 9 6.1 130.0
17-3 9 3.5 120.0
17-3 10 0.0 132.0
17-3 10 7.8 149.0
17-3 10 2.6 141.0
17-3 10 4.3 122.0
17-3 10 4.3 168.0
17-3 10 7.8 112.0
17-3 10 1.7 116.0
17-3 10 2.6 141.0
17-3 10 3.5 173.0
17-3 10 1.7 126.0
17-3 10 4.3 138.0
17-3 10 4.3 147.0
17-3 10 3.5 166.0
17-3 10 2.6 150.0
17-3 10 3.5 173.0
17-3 10 6.1 112.0
17-3 10 1.7 157.0
17-3 10 1.7 129.0
17-3 10 3.5 175.0
17-3 10 6.1 142.0
17-3 10 3.5 182.0
17-3 10 0.0 135.0
17-3 10 2.6 104.0
17-3 10 2.6 112.0
17-3 10 4.3 142.0
17-3 10 3.5 359.0
17-3 10 1.7 293.0
17-3 10 6.1 265.0
17-3 10 4.3 359.0
17-3 10 3.5 278.0
17-3 11 4.3 359.0
17-3 11 5.2 359.0
17-3 11 4.3 260.0
17-3 11 4.3 359.0
17-3 11 4.3 280.0
17-3 11 2.6 295.0
17-3 11 2.6 286.0
17-3 11 2.6 296.0
17-3 11 4.3 359.0
17-3 11 6.1 266.0
17-3 11 1.7 359.0
17-3 11 0.0 359.0
17-3 11 1.7 47.0
17-3 11 2.6 45.0
17-3 11 1.7 21.0
17-3 11 3.5 343.0
17-3 11 5.2 343.0
17-3 11 3.5 354.0
17-3 11 5.2 4.0
17-3 11 3.5 354.0
17-3 11 1.7 359.0
17-3 11 3.5 19.0
17-3 11 3.5 14.0
17-3 11 3.5 359.0
17-3 11 4.3 359.0
17-3 11 2.6 359.0
17-3 11 1.7 311.0
17-3 11 4.3 330.0
17-3 11 2.6 318.0
17-3 11 4.3 322.0
17-3 12 3.5 303.0
17-3 12 4.3 287.0
17-3 12 4.3 286.0
17-3 12 4.3 289.0
17-3 12 3.5 308.0
17-3 12 3.5 309.0
17-3 12 3.5 359.0
17-3 12 4.3 359.0
17-3 12 3.5 359.0
17-3 12 3.5 305.0
17-3 12 3.5 359.0
17-3 12 2.6 304.0
17-3 12 1.7 359.0
17-3 12 2.6 359.0
17-3 12 2.6 303.0
17-3 12 2.6 359.0
17-3 12 2.6 359.0
17-3 12 2.6 304.0
17-3 12 0.9 359.0
17-3 12 0.9 359.0
17-3 12 0.9 303.0
17-3 12 0.0 304.0
17-3 12 0.9 304.0
17-3 12 0.0 304.0
17-3 12 1.7 359.0
17-3 12 1.7 359.0
17-3 12 0.0 314.0
17-3 12 0.0 317.0
17-3 12 0.0 318.0
17-3 12 0.0 318.0
17-3 13 0.0 318.0
17-3 13 0.0 319.0
17-3 13 0.0 359.0
17-3 13 0.0 319.0
17-3 13 2.6 359.0
17-3 13 3.5 354.0
17-3 13 2.6 359.0
17-3 13 3.5 359.0
17-3 13 4.3 4.0
17-3 13 3.5 8.0
17-3 13 3.5 11.0
17-3 13 2.6 11.0
17-3 13 2.6 10.0
17-3 13 3.5 10.0
17-3 13 1.7 10.0
17-3 13 2.6 150.0
17-3 13 0.9 153.0
17-3 13 2.6 196.0
17-3 13 4.3 196.0
17-3 13 3.5 197.0
17-3 13 1.7 359.0
17-3 13 2.6 289.0
17-3 13 5.2 359.0
17-3 13 5.2 359.0
17-3 13 6.1 314.0
17-3 13 5.2 359.0
17-3 13 5.2 306.0
17-3 13 3.5 359.0
17-3 13 3.5 305.0
17-3 13 3.5 359.0
17-3 14 3.5 359.0
17-3 14 3.5 332.0
17-3 14 3.5 359.0
17-3 14 3.5 326.0
17-3 14 0.9 328.0
17-3 14 1.7 345.0
17-3 14 1.7 359.0
17-3 14 1.7 354.0
17-3 14 1.7 359.0
17-3 14 0.9 359.0
17-3 14 1.7 359.0
17-3 14 0.9 349.0
17-3 14 0.9 359.0
17-3 14 0.9 359.0
17-3 14 2.6 304.0
17-3 14 0.9 359.0
17-3 14 1.7 359.0
17-3 14 0.0 359.0
17-3 14 1.7 325.0
17-3 14 1.7 325.0
17-3 14 2.6 359.0
17-3 14 0.9 326.0
17-3 14 2.6 325.0
17-3 14 2.6 354.0
17-3 14 2.6 359.0
17-3 14 2.6 359.0
17-3 14 0.9 359.0
17-3 14 1.7 4.0
17-3 14 1.7 4.0
17-3 14 0.9 259.0
17-3 15 0.0 259.0
17-3 15 1.7 202.0
17-3 15 4.3 117.0
17-3 15 4.3 156.0
17-3 15 9.6 112.0
17-3 15 8.7 107.0
17-3 15 6.1 137.0
17-3 15 2.6 165.0
17-3 15 1.7 172.0
17-3 15 0.9 121.0
17-3 15 6.1 152.0
17-3 15 0.9 145.0
17-3 15 5.2 165.0
17-3 15 2.6 135.0
17-3 15 0.0 126.0
17-3 15 1.7 139.0
17-3 15 1.7 152.0
17-3 15 0.9 154.0
17-3 15 2.6 165.0
17-3 15 2.6 172.0
17-3 15 3.5 170.0
17-3 15 3.5 147.0
17-3 15 1.7 204.0
17-3 15 0.0 204.0
17-3 15 3.5 181.0
17-3 15 4.3 145.0
17-3 15 2.6 172.0
17-3 15 0.9 140.0
17-3 15 2.6 171.0
17-3 15 2.6 160.0
17-3 16 3.5 157.0
17-3 16 2.6 168.0
17-3 16 4.3 148.0
17-3 16 4.3 168.0
17-3 16 2.6 143.0
17-3 16 1.7 115.0
17-3 16 8.7 113.0
17-3 16 6.1 189.0
17-3 16 1.7 162.0
17-3 16 2.6 165.0
17-3 16 2.6 121.0
17-3 16 2.6 142.0
17-3 16 2.6 115.0
17-3 16 2.6 156.0
17-3 16 1.7 158.0
17-3 16 4.3 168.0
17-3 16 1.7 154.0
17-3 16 3.5 166.0
17-3 16 0.9 160.0
17-3 16 1.7 159.0
17-3 16 1.7 163.0
17-3 16 0.9 152.0
17-3 16 1.7 172.0
17-3 16 2.6 154.0
17-3 16 2.6 160.0
17-3 16 2.6 195.0
17-3 16 0.0 195.0
17-3 16 3.5 196.0
17-3 16 0.9 196.0
17-3 16 0.0 197.0
17-3 17 0.9 122.0
17-3 17 2.6 161.0
17-3 17 1.7 150.0
17-3 17 0.9 167.0
17-3 17 2.6 164.0
17-3 17 7.0 154.0
17-3 17 2.6 140.0
17-3 17 0.9 158.0
17-3 17 0.9 147.0
17-3 17 0.9 147.0
17-3 17 0.0 133.0
17-3 17 2.6 116.0
17-3 17 3.5 139.0
17-3 17 2.6 165.0
17-3 17 3.5 120.0
17-3 17 0.9 118.0
17-3 17 2.6 112.0
17-3 17 1.7 117.0
17-3 17 3.5 135.0
17-3 17 3.5 124.0
17-3 17 1.7 109.0
17-3 17 6.1 109.0
17-3 17 3.5 102.0
17-3 17 4.3 100.0
17-3 17 6.1 104.0
17-3 17 4.3 104.0
17-3 17 4.3 107.0
17-3 17 5.2 88.0
17-3 17 3.5 133.0
17-3 17 4.3 115.0
17-3 18 3.5 116.0
17-3 18 0.0 122.0
17-3 18 6.1 110.0
17-3 18 7.0 95.0
17-3 18 5.2 97.0
17-3 18 4.3 111.0
17-3 18 2.6 141.0
17-3 18 4.3 108.0
17-3 18 2.6 359.0
17-3 18 0.0 144.0
17-3 18 3.5 359.0
17-3 18 0.9 177.0
17-3 18 0.0 154.0
17-3 18 2.6 167.0
17-3 18 1.7 154.0
17-3 18 1.7 164.0
17-3 18 0.0 359.0
17-3 18 2.6 152.0
17-3 18 2.6 359.0
17-3 18 3.5 154.0
17-3 18 1.7 145.0
17-3 18 3.5 154.0
17-3 18 2.6 359.0
17-3 18 0.0 200.0
17-3 18 4.3 148.0
17-3 18 2.6 359.0
17-3 18 1.7 359.0
17-3 18 0.9 178.0
17-3 18 1.7 184.0
17-3 18 1.7 180.0
17-3 19 0.9 181.0
17-3 19 2.6 184.0
17-3 19 0.9 181.0
17-3 19 0.9 131.0
17-3 19 0.0 153.0
17-3 19 0.9 359.0
17-3 19 0.0 149.0
17-3 19 0.0 155.0
17-3 19 0.0 160.0
17-3 19 0.9 359.0
17-3 19 0.9 359.0
17-3 19 2.6 97.0
17-3 19 2.6 99.0
17-3 19 1.7 359.0
17-3 19 2.6 359.0
17-3 19 1.7 98.0
17-3 19 3.5 359.0
17-3 19 2.6 102.0
17-3 19 5.2 95.0
17-3 19 5.2 96.0
17-3 19 2.6 95.0
17-3 19 0.0 102.0
17-3 19 0.0 359.0
17-3 19 0.0 359.0
17-3 19 2.6 99.0
17-3 19 0.0 100.0
17-3 19 1.7 106.0
17-3 19 0.9 100.0
17-3 19 0.0 101.0
17-3 19 2.6 359.0
17-3 20 3.5 359.0
17-3 20 0.0 120.0
17-3 20 0.0 359.0
17-3 20 2.6 122.0
17-3 20 1.7 125.0
17-3 20 2.6 131.0
17-3 20 0.9 125.0
17-3 20 1.7 123.0
17-3 20 0.0 124.0
17-3 20 0.9 125.0
17-3 20 0.0 125.0
17-3 20 0.0 129.0
17-3 20 0.9 359.0
17-3 20 0.9 129.0
17-3 20 0.0 126.0
17-3 20 0.0 123.0
17-3 20 0.0 125.0
17-3 20 0.0 359.0
17-3 20 0.0 123.0
17-3 20 0.9 125.0
17-3 20 0.9 125.0
17-3 20 0.9 125.0
17-3 20 0.0 359.0
17-3 20 0.9 124.0
17-3 20 1.7 125.0
17-3 20 0.9 129.0
17-3 20 0.9 359.0
17-3 20 0.9 126.0
17-3 20 0.9 125.0
17-3 20 0.9 126.0
17-3 21 0.9 125.0
17-3 21 0.0 125.0
17-3 21 0.0 359.0
17-3 21 0.0 126.0
17-3 21 0.0 126.0
17-3 21 0.0 359.0
17-3 21 0.0 131.0
17-3 21 0.0 127.0
17-3 21 0.0 125.0
17-3 21 0.0 359.0
17-3 21 1.7 130.0
17-3 21 1.7 124.0
17-3 21 0.9 359.0
17-3 21 0.0 359.0
17-3 21 0.0 125.0
17-3 21 1.7 125.0
17-3 21 0.0 125.0
17-3 21 0.9 125.0
17-3 21 2.6 359.0
17-3 21 2.6 126.0
17-3 21 2.6 123.0
17-3 21 2.6 124.0
17-3 21 2.6 123.0
17-3 21 1.7 123.0
17-3 21 1.7 359.0
17-3 21 2.6 124.0
17-3 21 2.6 130.0
17-3 21 1.7 359.0
17-3 21 0.0 132.0
17-3 21 0.0 132.0
17-3 22 0.0 131.0
17-3 22 0.0 359.0
17-3 22 0.0 127.0
17-3 22 0.9 127.0
17-3 22 0.0 126.0
17-3 22 0.0 127.0
17-3 22 0.0 359.0
17-3 22 0.0 359.0
17-3 22 0.0 131.0
17-3 22 0.0 127.0
17-3 22 0.0 126.0
17-3 22 0.0 132.0
17-3 22 0.0 127.0
17-3 22 0.0 127.0
17-3 22 0.0 129.0
17-3 22 0.0 359.0
17-3 22 0.9 131.0
17-3 22 0.9 127.0
17-3 22 0.0 127.0
17-3 22 0.0 127.0
17-3 22 0.0 127.0
17-3 22 0.0 359.0
17-3 22 0.0 127.0
17-3 22 0.0 125.0
17-3 22 0.0 359.0
17-3 22 0.0 127.0
17-3 22 0.0 359.0
17-3 22 0.0 359.0
17-3 22 0.0 127.0
17-3 22 0.0 127.0
17-3 23 0.0 126.0
17-3 23 0.0 132.0
17-3 23 0.0 127.0
17-3 23 0.0 127.0
17-3 23 0.0 126.0
17-3 23 0.0 359.0
17-3 23 0.0 127.0
17-3 23 0.0 359.0
17-3 23 0.0 131.0
17-3 23 0.0 132.0
17-3 23 0.0 359.0
17-3 23 0.0 127.0
17-3 23 0.0 127.0
17-3 23 0.0 129.0
17-3 23 0.0 359.0
17-3 23 0.0 131.0
17-3 23 0.0 127.0
17-3 23 0.0 127.0
17-3 23 1.7 132.0
17-3 23 0.0 126.0
17-3 23 0.0 359.0
17-3 23 0.0 127.0
17-3 23 0.0 359.0
17-3 23 0.0 127.0
17-3 23 0.0 127.0
17-3 23 0.0 128.0
17-3 23 0.0 359.0
17-3 23 0.0 126.0
17-3 23 0.0 132.0
17-3 23 0.9 127.0
