17-4 12 15.6 359.0
17-4 12 25.2 345.0
17-4 12 15.6 303.0
17-4 12 20.9 330.0
17-4 12 18.2 323.0
17-4 12 24.3 317.0
17-4 12 20.9 326.0
17-4 12 26.1 345.0
17-4 12 20.9 359.0
17-4 12 20.0 337.0
17-4 12 19.1 359.0
17-4 12 19.1 359.0
17-4 12 16.5 340.0
17-4 12 15.6 359.0
17-4 12 18.2 359.0
17-4 12 20.9 337.0
17-4 12 21.7 4.0
17-4 12 22.6 349.0
17-4 12 14.8 359.0
17-4 12 29.5 359.0
17-4 12 23.5 301.0
17-4 12 14.8 359.0
17-4 12 20.9 311.0
17-4 12 11.3 340.0
17-4 12 22.6 359.0
17-4 12 21.7 336.0
17-4 12 24.3 359.0
17-4 12 23.5 324.0
17-4 13 23.5 359.0
17-4 13 20.9 305.0
17-4 13 22.6 289.0
17-4 13 23.5 359.0
17-4 13 20.0 359.0
17-4 13 19.1 313.0
17-4 13 17.4 359.0
17-4 13 16.5 350.0
17-4 13 20.9 17.0
17-4 13 20.0 333.0
17-4 13 20.9 359.0
17-4 13 20.9 359.0
17-4 13 20.0 298.0
17-4 13 20.0 359.0
17-4 13 23.5 359.0
17-4 13 22.6 319.0
17-4 13 18.2 327.0
17-4 13 24.3 359.0
17-4 13 20.9 359.0
17-4 13 14.8 359.0
17-4 13 23.5 339.0
17-4 13 18.2 359.0
17-4 13 18.2 308.0
17-4 13 20.9 324.0
17-4 13 13.0 335.0
17-4 13 20.0 314.0
17-4 13 21.7 4.0
17-4 13 20.0 359.0
17-4 13 26.9 10.0
17-4 13 20.0 349.0
17-4 14 18.2 344.0
17-4 14 16.5 359.0
17-4 14 21.7 359.0
17-4 14 26.9 359.0
17-4 14 24.3 359.0
17-4 14 21.7 315.0
17-4 14 16.5 359.0
17-4 14 16.5 15.0
17-4 14 14.8 330.0
17-4 14 12.2 359.0
17-4 14 22.6 359.0
17-4 14 26.1 300.0
17-4 14 25.2 276.0
17-4 14 16.5 359.0
17-4 14 12.2 359.0
17-4 14 20.9 335.0
17-4 14 16.5 27.0
17-4 14 17.4 359.0
17-4 14 16.5 359.0
17-4 14 22.6 323.0
17-4 14 14.8 336.0
17-4 14 20.9 359.0
17-4 14 14.8 310.0
17-4 14 24.3 318.0
17-4 14 26.1 325.0
17-4 14 19.1 343.0
17-4 14 26.9 359.0
17-4 14 15.6 314.0
17-4 14 18.2 359.0
17-4 14 20.0 39.0
17-4 15 17.4 317.0
17-4 15 25.2 359.0
17-4 15 24.3 11.0
17-4 15 18.2 359.0
17-4 15 15.6 324.0
17-4 15 20.0 4.0
17-4 15 18.2 359.0
17-4 15 22.6 318.0
17-4 15 19.1 359.0
17-4 15 18.2 359.0
17-4 15 16.5 315.0
17-4 15 22.6 331.0
17-4 15 15.6 326.0
17-4 15 19.1 359.0
17-4 15 20.0 305.0
17-4 15 25.2 291.0
17-4 15 25.2 359.0
17-4 15 20.9 359.0
17-4 15 18.2 324.0
17-4 15 21.7 295.0
17-4 15 20.0 359.0
17-4 15 19.1 359.0
17-4 15 28.7 335.0
17-4 15 19.1 16.0
17-4 15 17.4 312.0
17-4 15 20.9 332.0
17-4 15 20.9 341.0
17-4 15 20.9 4.0
17-4 15 14.8 4.0
17-4 15 18.2 359.0
17-4 16 18.2 348.0
17-4 16 22.6 330.0
17-4 16 22.6 339.0
17-4 16 23.5 318.0
17-4 16 21.7 359.0
17-4 16 19.1 328.0
17-4 16 21.7 354.0
17-4 16 17.4 359.0
17-4 16 15.6 359.0
17-4 16 13.9 359.0
17-4 16 16.5 350.0
17-4 16 17.4 331.0
17-4 16 20.9 359.0
17-4 16 20.9 315.0
17-4 16 21.7 359.0
17-4 16 17.4 318.0
17-4 16 17.4 359.0
17-4 16 19.1 318.0
17-4 16 19.1 359.0
17-4 16 18.2 311.0
17-4 16 19.1 25.0
17-4 16 20.0 339.0
17-4 16 15.6 359.0
17-4 16 16.5 359.0
17-4 16 19.1 359.0
17-4 16 15.6 320.0
17-4 16 16.5 332.0
17-4 16 16.5 359.0
17-4 16 20.9 35.0
17-4 16 17.4 320.0
17-4 17 21.7 350.0
17-4 17 21.7 359.0
17-4 17 15.6 4.0
17-4 17 20.9 359.0
17-4 17 25.2 316.0
17-4 17 19.1 312.0
17-4 17 18.2 359.0
17-4 17 14.8 359.0
17-4 17 26.9 341.0
17-4 17 18.2 359.0
17-4 17 19.1 313.0
17-4 17 21.7 359.0
17-4 17 14.8 324.0
17-4 17 15.6 335.0
17-4 17 15.6 359.0
17-4 17 13.9 12.0
17-4 17 10.4 359.0
17-4 17 13.9 359.0
17-4 17 18.2 359.0
17-4 17 17.4 359.0
17-4 17 13.9 346.0
17-4 17 16.5 333.0
17-4 17 13.0 341.0
17-4 17 15.6 29.0
17-4 17 17.4 23.0
17-4 17 13.0 328.0
17-4 17 9.6 319.0
17-4 17 13.0 289.0
17-4 17 12.2 308.0
17-4 17 17.4 347.0
17-4 18 17.4 11.0
17-4 18 22.6 339.0
17-4 18 19.1 359.0
17-4 18 22.6 359.0
17-4 18 20.0 322.0
17-4 18 23.5 320.0
17-4 18 16.5 340.0
17-4 18 12.2 329.0
17-4 18 15.6 329.0
17-4 18 14.8 10.0
17-4 18 16.5 359.0
17-4 18 18.2 326.0
17-4 18 20.9 331.0
17-4 18 16.5 10.0
17-4 18 24.3 359.0
17-4 18 18.2 350.0
17-4 18 23.5 330.0
17-4 18 21.7 342.0
17-4 18 17.4 359.0
17-4 18 18.2 359.0
17-4 18 20.0 326.0
17-4 18 19.1 347.0
17-4 18 18.2 326.0
17-4 18 14.8 316.0
17-4 18 20.9 323.0
17-4 18 22.6 21.0
17-4 18 19.1 328.0
17-4 18 19.1 359.0
17-4 18 16.5 346.0
17-4 18 17.4 308.0
17-4 19 16.5 337.0
17-4 19 10.4 341.0
17-4 19 17.4 341.0
17-4 19 17.4 359.0
17-4 19 13.9 313.0
17-4 19 17.4 344.0
17-4 19 19.1 329.0
17-4 19 15.6 21.0
17-4 19 15.6 359.0
17-4 19 18.2 12.0
17-4 19 22.6 346.0
17-4 19 17.4 8.0
17-4 19 18.2 359.0
17-4 19 26.9 359.0
17-4 19 21.7 359.0
17-4 19 17.4 359.0
17-4 19 22.6 347.0
17-4 19 16.5 359.0
17-4 19 18.2 359.0
17-4 19 19.1 359.0
17-4 19 18.2 347.0
17-4 19 15.6 296.0
17-4 19 19.1 343.0
17-4 19 17.4 359.0
17-4 19 16.5 359.0
17-4 19 18.2 315.0
17-4 19 17.4 359.0
17-4 19 20.0 349.0
17-4 19 19.1 359.0
17-4 19 23.5 350.0
17-4 20 19.1 337.0
17-4 20 15.6 339.0
17-4 20 20.0 347.0
17-4 20 20.0 359.0
17-4 20 20.0 349.0
17-4 20 16.5 347.0
17-4 20 14.8 345.0
17-4 20 19.1 359.0
17-4 20 20.9 359.0
17-4 20 20.0 322.0
17-4 20 20.9 359.0
17-4 20 14.8 339.0
17-4 20 18.2 308.0
17-4 20 19.1 341.0
17-4 20 16.5 359.0
17-4 20 20.0 359.0
17-4 20 21.7 4.0
17-4 20 21.7 359.0
17-4 20 22.6 334.0
17-4 20 20.0 329.0
17-4 20 22.6 359.0
17-4 20 18.2 332.0
17-4 20 19.1 349.0
17-4 20 21.7 335.0
17-4 20 20.9 359.0
17-4 20 17.4 343.0
17-4 20 20.0 359.0
17-4 20 17.4 326.0
17-4 20 13.9 329.0
17-4 20 17.4 329.0
17-4 21 15.6 350.0
17-4 21 14.8 301.0
17-4 21 15.6 359.0
17-4 21 13.9 339.0
17-4 21 13.9 359.0
17-4 21 15.6 359.0
17-4 21 20.9 359.0
17-4 21 16.5 359.0
17-4 21 13.9 338.0
17-4 21 18.2 341.0
17-4 21 15.6 4.0
17-4 21 22.6 359.0
17-4 21 14.8 359.0
17-4 21 13.0 334.0
17-4 21 14.8 326.0
17-4 21 18.2 359.0
17-4 21 13.0 342.0
17-4 21 16.5 336.0
17-4 21 17.4 359.0
17-4 21 14.8 359.0
17-4 21 18.2 326.0
17-4 21 14.8 359.0
17-4 21 16.5 359.0
17-4 21 14.8 359.0
17-4 21 13.9 347.0
17-4 21 14.8 359.0
17-4 21 13.9 359.0
17-4 21 14.8 350.0
17-4 21 16.5 359.0
17-4 21 13.0 325.0
17-4 22 13.9 359.0
17-4 22 14.8 359.0
17-4 22 20.9 348.0
17-4 22 13.0 341.0
17-4 22 19.1 349.0
17-4 22 20.0 359.0
17-4 22 16.5 359.0
17-4 22 16.5 345.0
17-4 22 16.5 329.0
17-4 22 12.2 334.0
17-4 22 12.2 347.0
17-4 22 16.5 319.0
17-4 22 18.2 328.0
17-4 22 19.1 359.0
17-4 22 15.6 359.0
17-4 22 18.2 359.0
17-4 22 15.6 349.0
17-4 22 16.5 359.0
17-4 22 20.9 359.0
17-4 22 13.9 347.0
17-4 22 18.2 359.0
17-4 22 13.0 337.0
17-4 22 17.4 337.0
17-4 22 12.2 328.0
17-4 22 19.1 10.0
17-4 22 17.4 345.0
17-4 22 15.6 354.0
17-4 22 15.6 23.0
17-4 22 13.0 346.0
17-4 22 13.0 344.0
17-4 23 13.9 339.0
17-4 23 16.5 14.0
17-4 23 15.6 359.0
17-4 23 16.5 4.0
17-4 23 15.6 341.0
17-4 23 14.8 18.0
17-4 23 13.0 359.0
17-4 23 13.9 330.0
17-4 23 13.0 35.0
17-4 23 16.5 332.0
17-4 23 16.5 359.0
17-4 23 12.2 359.0
17-4 23 12.2 345.0
17-4 23 16.5 341.0
17-4 23 15.6 359.0
17-4 23 15.6 4.0
17-4 23 18.2 359.0
17-4 23 14.8 359.0
17-4 23 13.9 10.0
17-4 23 10.4 359.0
17-4 23 12.2 4.0
17-4 23 19.1 4.0
17-4 23 18.2 336.0
17-4 23 14.8 359.0
17-4 23 13.9 4.0
17-4 23 13.9 359.0
17-4 23 13.9 350.0
17-4 23 18.2 13.0
17-4 23 13.9 9.0
17-4 23 13.9 359.0
