18-3 4 1.7 56.0
18-3 4 0.9 60.0
18-3 4 0.0 58.0
18-3 4 0.9 61.0
18-3 4 0.9 58.0
18-3 4 0.9 58.0
18-3 4 1.7 58.0
18-3 4 1.7 58.0
18-3 4 0.9 58.0
18-3 4 0.9 60.0
18-3 4 1.7 58.0
18-3 4 1.7 61.0
18-3 4 0.9 61.0
18-3 4 3.5 62.0
18-3 4 1.7 359.0
18-3 4 1.7 66.0
18-3 4 1.7 67.0
18-3 4 0.9 64.0
18-3 4 1.7 63.0
18-3 4 1.7 64.0
18-3 4 1.7 359.0
18-3 4 0.9 62.0
18-3 4 0.0 359.0
18-3 4 0.9 65.0
18-3 4 0.9 64.0
18-3 4 0.9 63.0
18-3 4 1.7 359.0
18-3 4 0.9 66.0
18-3 4 1.7 66.0
18-3 5 1.7 64.0
18-3 5 1.7 68.0
18-3 5 0.0 68.0
18-3 5 1.7 64.0
18-3 5 0.0 63.0
18-3 5 0.0 64.0
18-3 5 0.9 68.0
18-3 5 0.0 65.0
18-3 5 0.0 68.0
18-3 5 0.0 64.0
18-3 5 0.0 63.0
18-3 5 0.0 64.0
18-3 5 0.0 64.0
18-3 5 0.0 64.0
18-3 5 0.0 64.0
18-3 5 0.0 62.0
18-3 5 0.0 63.0
18-3 5 0.0 64.0
18-3 5 0.0 66.0
18-3 5 0.9 68.0
18-3 5 0.9 64.0
18-3 5 0.0 64.0
18-3 5 0.0 64.0
18-3 5 0.9 67.0
18-3 5 1.7 64.0
18-3 5 1.7 68.0
18-3 5 2.6 68.0
18-3 5 1.7 66.0
18-3 5 0.9 66.0
18-3 5 0.9 62.0
18-3 6 1.7 359.0
18-3 6 2.6 62.0
18-3 6 0.9 64.0
18-3 6 0.9 60.0
18-3 6 1.7 61.0
18-3 6 0.9 63.0
18-3 6 0.9 62.0
18-3 6 0.9 61.0
18-3 6 1.7 61.0
18-3 6 1.7 62.0
18-3 6 1.7 62.0
18-3 6 1.7 61.0
18-3 6 0.9 61.0
18-3 6 1.7 60.0
18-3 6 1.7 61.0
18-3 6 0.0 62.0
18-3 6 0.0 62.0
18-3 6 0.0 62.0
18-3 6 0.9 65.0
18-3 6 0.9 65.0
18-3 6 0.9 62.0
18-3 6 0.0 62.0
18-3 6 0.0 62.0
18-3 6 0.0 359.0
18-3 6 0.0 62.0
18-3 6 0.0 62.0
18-3 6 0.0 65.0
18-3 6 0.9 62.0
18-3 6 0.9 63.0
18-3 6 1.7 62.0
18-3 7 0.9 62.0
18-3 7 1.7 62.0
18-3 7 0.9 65.0
18-3 7 1.7 63.0
18-3 7 1.7 359.0
18-3 7 0.9 62.0
18-3 7 0.9 62.0
18-3 7 0.9 63.0
18-3 7 0.0 62.0
18-3 7 0.9 66.0
18-3 7 0.0 62.0
18-3 7 0.9 62.0
18-3 7 0.9 63.0
18-3 7 0.0 62.0
18-3 7 0.0 62.0
18-3 7 0.0 62.0
18-3 7 3.5 37.0
18-3 7 4.3 20.0
18-3 7 4.3 20.0
18-3 7 4.3 4.0
18-3 7 3.5 11.0
18-3 7 2.6 17.0
18-3 7 0.9 17.0
18-3 7 1.7 17.0
18-3 7 1.7 17.0
18-3 7 2.6 18.0
18-3 7 1.7 18.0
18-3 7 2.6 12.0
18-3 7 4.3 8.0
18-3 7 4.3 347.0
18-3 8 2.6 347.0
18-3 8 4.3 13.0
18-3 8 4.3 350.0
18-3 8 4.3 359.0
18-3 8 5.2 359.0
18-3 8 6.1 359.0
18-3 8 6.1 8.0
18-3 8 6.1 343.0
18-3 8 5.2 359.0
18-3 8 2.6 359.0
18-3 8 2.6 354.0
18-3 8 4.3 359.0
18-3 8 4.3 359.0
18-3 8 3.5 354.0
18-3 8 4.3 9.0
18-3 8 2.6 347.0
18-3 8 6.1 354.0
18-3 8 4.3 359.0
18-3 8 4.3 337.0
18-3 8 4.3 354.0
18-3 8 5.2 359.0
18-3 8 6.1 354.0
18-3 8 7.8 359.0
18-3 8 6.1 359.0
18-3 8 4.3 23.0
18-3 8 4.3 310.0
18-3 8 4.3 287.0
18-3 8 4.3 359.0
18-3 8 5.2 359.0
18-3 8 5.2 319.0
18-3 9 7.8 359.0
18-3 9 5.2 349.0
18-3 9 6.1 332.0
18-3 9 4.3 359.0
18-3 9 3.5 326.0
18-3 9 4.3 359.0
18-3 9 6.1 359.0
18-3 9 4.3 359.0
18-3 9 3.5 359.0
18-3 9 3.5 8.0
18-3 9 3.5 359.0
18-3 9 2.6 8.0
18-3 9 6.1 359.0
18-3 9 3.5 359.0
18-3 9 2.6 359.0
18-3 9 1.7 359.0
18-3 9 4.3 359.0
18-3 9 5.2 345.0
18-3 9 5.2 330.0
18-3 9 4.3 359.0
18-3 9 6.1 359.0
18-3 9 5.2 354.0
18-3 9 3.5 359.0
18-3 9 4.3 320.0
18-3 9 3.5 290.0
18-3 9 5.2 287.0
18-3 9 5.2 359.0
18-3 9 5.2 305.0
18-3 9 5.2 359.0
18-3 9 2.6 359.0
18-3 10 6.1 359.0
18-3 10 5.2 359.0
18-3 10 6.1 312.0
18-3 10 6.1 300.0
18-3 10 4.3 316.0
18-3 10 6.1 331.0
18-3 10 3.5 16.0
18-3 10 3.5 282.0
18-3 10 3.5 313.0
18-3 10 2.6 299.0
18-3 10 3.5 308.0
18-3 10 4.3 292.0
18-3 10 4.3 336.0
18-3 10 3.5 359.0
18-3 10 4.3 359.0
18-3 10 4.3 359.0
18-3 10 4.3 359.0
18-3 10 3.5 359.0
18-3 10 3.5 318.0
18-3 10 4.3 326.0
18-3 10 4.3 315.0
18-3 10 4.3 359.0
18-3 10 5.2 343.0
18-3 10 4.3 328.0
18-3 10 2.6 359.0
18-3 10 2.6 325.0
18-3 10 3.5 359.0
18-3 10 3.5 359.0
18-3 10 2.6 303.0
18-3 10 2.6 309.0
18-3 11 3.5 303.0
18-3 11 2.6 305.0
18-3 11 3.5 291.0
18-3 11 3.5 359.0
18-3 11 4.3 359.0
18-3 11 2.6 359.0
18-3 11 2.6 292.0
18-3 11 2.6 291.0
18-3 11 1.7 296.0
18-3 11 1.7 291.0
18-3 11 0.9 359.0
18-3 11 0.9 295.0
18-3 11 0.9 359.0
18-3 11 0.9 291.0
18-3 11 1.7 293.0
18-3 11 0.9 293.0
18-3 11 1.7 293.0
18-3 11 3.5 320.0
18-3 11 2.6 332.0
18-3 11 2.6 359.0
18-3 11 2.6 317.0
18-3 11 1.7 317.0
18-3 11 2.6 317.0
18-3 11 1.7 318.0
18-3 11 2.6 314.0
18-3 11 2.6 279.0
18-3 11 4.3 359.0
18-3 11 1.7 359.0
18-3 11 0.9 271.0
18-3 11 2.6 265.0
18-3 12 6.1 359.0
18-3 12 6.1 283.0
18-3 12 6.1 275.0
18-3 12 7.0 272.0
18-3 12 7.0 359.0
18-3 12 5.2 267.0
18-3 12 5.2 274.0
18-3 12 5.2 285.0
18-3 12 5.2 269.0
18-3 12 6.1 359.0
18-3 12 7.0 359.0
18-3 12 5.2 273.0
18-3 12 7.8 359.0
18-3 12 6.1 259.0
18-3 12 4.3 260.0
18-3 12 7.0 268.0
18-3 12 3.5 274.0
18-3 12 2.6 255.0
18-3 12 5.2 269.0
18-3 12 4.3 256.0
18-3 12 4.3 254.0
18-3 12 6.1 256.0
18-3 12 5.2 269.0
18-3 12 4.3 274.0
18-3 12 5.2 253.0
18-3 12 8.7 266.0
18-3 12 7.0 359.0
18-3 12 7.8 359.0
18-3 12 7.8 264.0
18-3 12 7.8 359.0
18-3 13 4.3 359.0
18-3 13 7.0 285.0
18-3 13 7.0 259.0
18-3 13 5.2 359.0
18-3 13 6.1 359.0
18-3 13 7.8 285.0
18-3 13 7.0 251.0
18-3 13 7.0 359.0
18-3 13 6.1 253.0
18-3 13 9.6 270.0
18-3 13 6.1 359.0
18-3 13 8.7 359.0
18-3 13 3.5 359.0
18-3 13 6.1 280.0
18-3 13 6.1 359.0
18-3 13 9.6 249.0
18-3 13 7.0 249.0
18-3 13 9.6 247.0
18-3 13 6.1 239.0
18-3 13 7.8 249.0
18-3 13 9.6 359.0
18-3 13 5.2 237.0
18-3 13 7.8 255.0
18-3 13 10.4 240.0
18-3 13 7.0 359.0
18-3 13 7.0 249.0
18-3 13 7.0 243.0
18-3 13 5.2 359.0
18-3 13 5.2 237.0
18-3 13 6.1 359.0
18-3 14 4.3 239.0
18-3 14 3.5 249.0
18-3 14 4.3 255.0
18-3 14 7.0 359.0
18-3 14 6.1 257.0
18-3 14 6.1 251.0
18-3 14 8.7 248.0
18-3 14 7.8 247.0
18-3 14 6.1 238.0
18-3 14 6.1 232.0
18-3 14 6.1 251.0
18-3 14 7.8 242.0
18-3 14 7.0 251.0
18-3 14 7.8 359.0
18-3 14 6.1 359.0
18-3 14 7.0 359.0
18-3 14 7.0 359.0
18-3 14 6.1 232.0
18-3 14 7.0 209.0
18-3 14 8.7 242.0
18-3 14 5.2 237.0
18-3 14 9.6 249.0
18-3 14 9.6 359.0
18-3 14 7.0 359.0
18-3 14 9.6 228.0
18-3 14 11.3 359.0
18-3 14 9.6 236.0
18-3 14 6.1 249.0
18-3 14 7.0 359.0
18-3 14 9.6 238.0
18-3 15 9.6 359.0
18-3 15 11.3 359.0
18-3 15 6.1 230.0
18-3 15 11.3 359.0
18-3 15 8.7 241.0
18-3 15 10.4 239.0
18-3 15 10.4 235.0
18-3 15 8.7 243.0
18-3 15 7.0 359.0
18-3 15 9.6 359.0
18-3 15 8.7 259.0
18-3 15 7.8 250.0
18-3 15 8.7 359.0
18-3 15 10.4 270.0
18-3 15 6.1 261.0
18-3 15 11.3 251.0
18-3 15 10.4 359.0
18-3 15 8.7 249.0
18-3 15 8.7 244.0
18-3 15 8.7 247.0
18-3 15 7.8 359.0
18-3 15 7.0 238.0
18-3 15 6.1 359.0
18-3 15 6.1 359.0
18-3 15 7.0 241.0
18-3 15 7.8 359.0
18-3 15 6.1 236.0
18-3 15 9.6 359.0
18-3 15 8.7 250.0
18-3 15 11.3 359.0
18-3 16 7.0 238.0
18-3 16 8.7 262.0
18-3 16 7.8 244.0
18-3 16 7.0 242.0
18-3 16 7.0 359.0
18-3 16 6.1 249.0
18-3 16 7.0 359.0
18-3 16 7.8 258.0
18-3 16 6.1 359.0
18-3 16 7.8 359.0
18-3 16 7.8 275.0
18-3 16 8.7 359.0
18-3 16 8.7 275.0
18-3 16 7.8 266.0
18-3 16 7.8 268.0
18-3 16 8.7 245.0
18-3 16 7.8 262.0
18-3 16 9.6 359.0
18-3 16 7.0 276.0
18-3 16 8.7 263.0
18-3 16 7.0 359.0
18-3 16 8.7 359.0
18-3 16 10.4 254.0
18-3 16 10.4 359.0
18-3 16 12.2 257.0
18-3 16 7.8 256.0
18-3 16 11.3 261.0
18-3 16 7.0 279.0
18-3 16 11.3 262.0
18-3 16 7.8 253.0
18-3 17 13.0 258.0
18-3 17 8.7 261.0
18-3 17 10.4 261.0
18-3 17 12.2 250.0
18-3 17 10.4 281.0
18-3 17 10.4 277.0
18-3 17 8.7 258.0
18-3 17 12.2 359.0
18-3 17 9.6 267.0
18-3 17 9.6 359.0
18-3 17 10.4 359.0
18-3 17 12.2 359.0
18-3 17 9.6 266.0
18-3 17 12.2 270.0
18-3 17 11.3 278.0
18-3 17 7.8 264.0
18-3 17 7.8 275.0
18-3 17 8.7 268.0
18-3 17 8.7 273.0
18-3 17 7.8 259.0
18-3 17 6.1 359.0
18-3 17 6.1 268.0
18-3 17 7.8 254.0
18-3 17 5.2 254.0
18-3 17 11.3 291.0
18-3 17 11.3 289.0
18-3 17 12.2 298.0
18-3 17 13.9 359.0
18-3 17 11.3 359.0
18-3 17 12.2 308.0
18-3 18 9.6 359.0
18-3 18 9.6 309.0
18-3 18 10.4 297.0
18-3 18 10.4 298.0
18-3 18 12.2 291.0
18-3 18 9.6 315.0
18-3 18 8.7 303.0
18-3 18 9.6 297.0
18-3 18 8.7 302.0
18-3 18 8.7 359.0
18-3 18 10.4 296.0
18-3 18 8.7 284.0
18-3 18 7.0 310.0
18-3 18 7.8 300.0
18-3 18 7.8 277.0
18-3 18 7.8 359.0
18-3 18 7.8 285.0
18-3 18 9.6 304.0
18-3 18 7.8 298.0
18-3 18 8.7 305.0
18-3 18 7.8 359.0
18-3 18 8.7 296.0
18-3 18 7.0 289.0
18-3 18 7.8 294.0
18-3 18 7.0 291.0
18-3 18 7.8 283.0
18-3 18 6.1 281.0
18-3 18 7.0 359.0
18-3 18 7.0 314.0
18-3 18 7.0 359.0
18-3 19 6.1 322.0
18-3 19 7.0 359.0
18-3 19 5.2 310.0
18-3 19 6.1 359.0
18-3 19 7.0 359.0
18-3 19 6.1 299.0
18-3 19 4.3 303.0
18-3 19 3.5 359.0
18-3 19 0.9 343.0
18-3 19 0.9 359.0
18-3 19 0.9 359.0
18-3 19 0.9 4.0
18-3 19 0.9 4.0
18-3 19 0.9 4.0
18-3 19 0.9 4.0
18-3 19 1.7 318.0
18-3 19 3.5 359.0
18-3 19 6.1 308.0
18-3 19 7.0 278.0
18-3 19 6.1 359.0
18-3 19 7.8 283.0
18-3 19 6.1 289.0
18-3 19 6.1 359.0
18-3 19 6.1 288.0
18-3 19 6.1 284.0
18-3 19 6.1 287.0
18-3 19 7.0 359.0
18-3 19 7.0 291.0
18-3 19 8.7 359.0
18-3 19 6.1 359.0
18-3 20 7.8 359.0
18-3 20 7.8 359.0
18-3 20 7.8 306.0
18-3 20 7.0 359.0
18-3 20 4.3 359.0
18-3 20 6.1 317.0
18-3 20 6.1 359.0
18-3 20 6.1 359.0
18-3 20 5.2 359.0
18-3 20 5.2 8.0
18-3 20 4.3 359.0
18-3 20 4.3 359.0
18-3 20 7.0 344.0
18-3 20 4.3 322.0
18-3 20 6.1 341.0
18-3 20 5.2 305.0
18-3 20 6.1 320.0
18-3 20 5.2 326.0
18-3 20 7.8 319.0
18-3 20 3.5 359.0
18-3 20 7.0 359.0
18-3 20 7.0 359.0
18-3 20 4.3 339.0
18-3 20 6.1 359.0
18-3 20 7.0 9.0
18-3 20 7.0 354.0
18-3 20 7.8 359.0
18-3 20 5.2 359.0
18-3 20 7.0 359.0
18-3 20 7.0 347.0
18-3 21 6.1 341.0
18-3 21 5.2 332.0
18-3 21 5.2 324.0
18-3 21 6.1 359.0
18-3 21 7.0 338.0
18-3 21 5.2 359.0
18-3 21 7.8 359.0
18-3 21 6.1 354.0
18-3 21 5.2 359.0
18-3 21 7.0 340.0
18-3 21 7.0 359.0
18-3 21 7.0 359.0
18-3 21 7.0 354.0
18-3 21 7.0 359.0
18-3 21 7.0 330.0
18-3 21 7.0 346.0
18-3 21 6.1 359.0
18-3 21 7.8 359.0
18-3 21 2.6 359.0
18-3 21 3.5 332.0
18-3 21 4.3 359.0
18-3 21 7.0 359.0
18-3 21 3.5 359.0
18-3 21 7.0 308.0
18-3 21 4.3 328.0
18-3 21 6.1 359.0
18-3 21 5.2 339.0
18-3 21 6.1 359.0
18-3 21 5.2 359.0
18-3 21 4.3 359.0
18-3 22 5.2 359.0
18-3 22 4.3 359.0
18-3 22 5.2 359.0
18-3 22 4.3 326.0
18-3 22 6.1 337.0
18-3 22 9.6 345.0
18-3 22 8.7 359.0
18-3 22 7.8 359.0
18-3 22 5.2 359.0
18-3 22 5.2 8.0
18-3 22 5.2 359.0
18-3 22 4.3 359.0
18-3 22 2.6 354.0
18-3 22 0.9 359.0
18-3 22 6.1 359.0
18-3 22 7.8 359.0
18-3 22 7.0 4.0
18-3 22 6.1 4.0
18-3 22 6.1 354.0
18-3 22 4.3 359.0
18-3 22 4.3 342.0
18-3 22 3.5 359.0
18-3 22 2.6 330.0
18-3 22 5.2 359.0
18-3 22 7.0 354.0
18-3 22 7.8 354.0
18-3 22 6.1 359.0
18-3 22 5.2 349.0
18-3 22 5.2 4.0
18-3 22 5.2 335.0
18-3 23 3.5 359.0
18-3 23 7.8 336.0
18-3 23 2.6 4.0
18-3 23 4.3 359.0
18-3 23 3.5 359.0
18-3 23 5.2 305.0
18-3 23 5.2 359.0
18-3 23 6.1 359.0
18-3 23 7.0 359.0
18-3 23 6.1 321.0
18-3 23 6.1 359.0
18-3 23 4.3 359.0
18-3 23 4.3 359.0
18-3 23 2.6 359.0
18-3 23 3.5 359.0
18-3 23 3.5 359.0
18-3 23 2.6 359.0
18-3 23 2.6 359.0
18-3 23 5.2 359.0
18-3 23 4.3 312.0
18-3 23 4.3 310.0
18-3 23 6.1 359.0
18-3 23 6.1 359.0
18-3 23 5.2 317.0
18-3 23 7.0 359.0
18-3 23 5.2 303.0
18-3 23 4.3 323.0
18-3 23 3.5 346.0
18-3 23 6.1 359.0
18-3 23 5.2 359.0
