18-4 5 15.6 336.0
18-4 5 11.3 324.0
18-4 5 12.2 359.0
18-4 5 5.2 301.0
18-4 5 11.3 359.0
18-4 5 13.0 298.0
18-4 5 12.2 280.0
18-4 5 9.6 359.0
18-4 5 13.0 309.0
18-4 5 15.6 359.0
18-4 5 14.8 346.0
18-4 5 13.9 359.0
18-4 5 18.2 359.0
18-4 5 14.8 359.0
18-4 5 14.8 336.0
18-4 5 13.0 332.0
18-4 5 11.3 344.0
18-4 5 12.2 359.0
18-4 5 12.2 349.0
18-4 5 11.3 312.0
18-4 5 10.4 347.0
18-4 5 15.6 345.0
18-4 5 14.8 359.0
18-4 5 11.3 359.0
18-4 5 14.8 359.0
18-4 5 15.6 345.0
18-4 5 11.3 4.0
18-4 5 13.0 336.0
18-4 5 16.5 36.0
18-4 5 12.2 335.0
18-4 6 12.2 10.0
18-4 6 15.6 359.0
18-4 6 13.9 359.0
18-4 6 13.9 34.0
18-4 6 13.9 359.0
18-4 6 13.9 342.0
18-4 6 13.9 359.0
18-4 6 14.8 345.0
18-4 6 12.2 326.0
18-4 6 13.9 359.0
18-4 6 15.6 332.0
18-4 6 15.6 349.0
18-4 6 14.8 359.0
18-4 6 14.8 14.0
18-4 6 12.2 359.0
18-4 6 10.4 359.0
18-4 6 12.2 359.0
18-4 6 12.2 281.0
18-4 6 12.2 359.0
18-4 6 13.9 343.0
18-4 6 12.2 308.0
18-4 6 13.9 334.0
18-4 6 11.3 343.0
18-4 6 13.0 359.0
18-4 6 13.0 335.0
18-4 6 11.3 359.0
18-4 6 12.2 324.0
18-4 6 13.0 342.0
18-4 6 14.8 8.0
18-4 6 13.9 359.0
18-4 7 12.2 339.0
18-4 7 17.4 359.0
18-4 7 11.3 8.0
18-4 7 12.2 14.0
18-4 7 14.8 4.0
18-4 7 13.0 322.0
18-4 7 19.1 12.0
18-4 7 15.6 298.0
18-4 7 13.0 359.0
18-4 7 15.6 359.0
18-4 7 14.8 334.0
18-4 7 16.5 345.0
18-4 7 16.5 327.0
18-4 7 13.9 308.0
18-4 7 14.8 318.0
18-4 7 20.0 354.0
18-4 7 15.6 359.0
18-4 7 13.0 316.0
18-4 7 18.2 336.0
18-4 7 13.0 9.0
18-4 7 17.4 359.0
18-4 7 13.9 312.0
18-4 7 17.4 359.0
18-4 7 13.9 359.0
18-4 7 13.9 337.0
18-4 7 13.0 308.0
18-4 7 14.8 311.0
18-4 7 13.0 345.0
18-4 7 16.5 359.0
18-4 7 13.9 341.0
18-4 8 10.4 342.0
18-4 8 11.3 8.0
18-4 8 15.6 359.0
18-4 8 12.2 359.0
18-4 8 16.5 311.0
18-4 8 13.9 327.0
18-4 8 12.2 359.0
18-4 8 13.0 359.0
18-4 8 13.9 335.0
18-4 8 14.8 330.0
18-4 8 15.6 318.0
18-4 8 20.0 359.0
18-4 8 14.8 337.0
18-4 8 18.2 359.0
18-4 8 15.6 297.0
18-4 8 11.3 359.0
18-4 8 20.0 326.0
18-4 8 16.5 314.0
18-4 8 18.2 316.0
18-4 8 10.4 269.0
18-4 8 14.8 359.0
18-4 8 23.5 328.0
18-4 8 18.2 359.0
18-4 8 13.9 359.0
18-4 8 14.8 310.0
18-4 8 16.5 359.0
18-4 8 17.4 311.0
18-4 8 17.4 341.0
18-4 8 14.8 318.0
18-4 8 20.0 312.0
18-4 9 21.7 301.0
18-4 9 15.6 359.0
18-4 9 19.1 359.0
18-4 9 18.2 324.0
18-4 9 13.9 339.0
18-4 9 18.2 294.0
18-4 9 13.0 359.0
18-4 9 15.6 359.0
18-4 9 22.6 322.0
18-4 9 20.9 359.0
18-4 9 18.2 359.0
18-4 9 20.9 359.0
18-4 9 17.4 281.0
18-4 9 20.0 339.0
18-4 9 13.0 276.0
18-4 9 16.5 326.0
18-4 9 23.5 323.0
18-4 9 20.0 359.0
18-4 9 18.2 359.0
18-4 9 23.5 359.0
18-4 9 16.5 359.0
18-4 9 21.7 359.0
18-4 9 25.2 359.0
18-4 9 20.0 359.0
18-4 9 23.5 316.0
18-4 9 16.5 359.0
18-4 9 22.6 327.0
18-4 9 19.1 329.0
18-4 9 21.7 359.0
18-4 9 23.5 8.0
18-4 10 18.2 326.0
18-4 10 20.9 316.0
18-4 10 21.7 312.0
18-4 10 20.0 359.0
18-4 10 17.4 4.0
18-4 10 22.6 359.0
18-4 10 24.3 317.0
18-4 10 23.5 330.0
18-4 10 13.9 326.0
18-4 10 27.8 326.0
18-4 10 24.3 359.0
18-4 10 22.6 359.0
18-4 10 24.3 332.0
18-4 10 18.2 359.0
18-4 10 22.6 359.0
18-4 10 18.2 359.0
18-4 10 20.0 317.0
18-4 10 20.0 4.0
18-4 10 19.1 308.0
18-4 10 13.9 359.0
18-4 10 28.7 349.0
18-4 10 24.3 359.0
18-4 10 16.5 323.0
18-4 10 17.4 14.0
18-4 10 15.6 12.0
18-4 10 22.6 359.0
18-4 10 26.1 332.0
18-4 10 20.0 344.0
18-4 10 20.9 359.0
18-4 10 21.7 19.0
18-4 11 15.6 334.0
18-4 11 21.7 321.0
18-4 11 21.7 359.0
18-4 11 12.2 359.0
18-4 11 18.2 339.0
18-4 11 13.9 291.0
18-4 11 24.3 359.0
18-4 11 13.9 10.0
18-4 11 29.5 322.0
18-4 11 20.0 341.0
18-4 11 13.9 312.0
18-4 11 15.6 308.0
18-4 11 18.2 359.0
18-4 11 20.0 359.0
18-4 11 24.3 359.0
18-4 11 23.5 330.0
18-4 11 20.0 359.0
18-4 11 20.0 322.0
18-4 11 18.2 316.0
18-4 11 20.0 359.0
18-4 11 20.9 303.0
18-4 11 21.7 339.0
18-4 11 23.5 318.0
18-4 11 13.0 359.0
18-4 11 19.1 359.0
18-4 11 21.7 359.0
18-4 11 18.2 305.0
18-4 11 20.9 318.0
18-4 11 20.0 303.0
18-4 11 26.1 301.0
18-4 12 22.6 300.0
18-4 12 16.5 302.0
18-4 12 16.5 316.0
18-4 12 23.5 8.0
18-4 12 20.0 359.0
18-4 12 25.2 359.0
18-4 12 26.1 316.0
18-4 12 17.4 350.0
18-4 12 21.7 327.0
18-4 12 16.5 325.0
18-4 12 13.9 359.0
18-4 12 26.1 334.0
18-4 12 21.7 359.0
18-4 12 24.3 318.0
18-4 12 19.1 300.0
18-4 12 18.2 359.0
18-4 12 13.9 359.0
18-4 12 26.1 337.0
18-4 12 19.1 359.0
18-4 12 26.9 328.0
18-4 12 16.5 305.0
18-4 12 16.5 302.0
18-4 12 20.9 311.0
18-4 12 17.4 322.0
18-4 12 16.5 285.0
18-4 12 21.7 359.0
18-4 12 20.0 313.0
18-4 12 16.5 298.0
18-4 12 19.1 302.0
18-4 12 21.7 297.0
18-4 13 17.4 299.0
18-4 13 14.8 359.0
18-4 13 18.2 359.0
18-4 13 21.7 359.0
18-4 13 24.3 359.0
18-4 13 23.5 359.0
18-4 13 20.0 359.0
18-4 13 19.1 346.0
18-4 13 22.6 302.0
18-4 13 21.7 9.0
18-4 13 25.2 318.0
18-4 13 18.2 359.0
18-4 13 21.7 359.0
18-4 13 15.6 298.0
18-4 13 18.2 359.0
18-4 13 19.1 359.0
18-4 13 17.4 359.0
18-4 13 23.5 328.0
18-4 13 31.3 313.0
18-4 13 19.1 359.0
18-4 13 17.4 316.0
18-4 13 21.7 359.0
18-4 13 20.0 335.0
18-4 13 24.3 338.0
18-4 13 28.7 314.0
18-4 13 19.1 314.0
18-4 13 22.6 320.0
18-4 13 24.3 344.0
18-4 13 26.9 347.0
18-4 13 21.7 341.0
18-4 14 20.9 340.0
18-4 14 24.3 318.0
18-4 14 25.2 12.0
18-4 14 26.1 359.0
18-4 14 23.5 359.0
18-4 14 18.2 359.0
18-4 14 17.4 359.0
18-4 14 22.6 331.0
18-4 14 26.1 322.0
18-4 14 24.3 359.0
18-4 14 25.2 359.0
18-4 14 16.5 276.0
18-4 14 20.0 359.0
18-4 14 23.5 359.0
18-4 14 32.2 359.0
18-4 14 20.9 340.0
18-4 14 20.0 8.0
18-4 14 27.8 12.0
18-4 14 22.6 334.0
18-4 14 26.9 338.0
18-4 14 23.5 359.0
18-4 14 24.3 317.0
18-4 14 22.6 290.0
18-4 14 28.7 318.0
18-4 14 23.5 359.0
18-4 14 29.5 326.0
18-4 14 26.9 318.0
18-4 14 19.1 359.0
18-4 14 25.2 359.0
18-4 14 25.2 359.0
18-4 15 28.7 12.0
18-4 15 21.7 293.0
18-4 15 21.7 359.0
18-4 15 36.5 359.0
18-4 15 30.4 359.0
18-4 15 32.2 331.0
18-4 15 26.9 344.0
18-4 15 17.4 303.0
18-4 15 28.7 359.0
18-4 15 21.7 359.0
18-4 15 24.3 347.0
18-4 15 20.9 359.0
18-4 15 23.5 325.0
18-4 15 23.5 359.0
18-4 15 30.4 359.0
18-4 15 28.7 318.0
18-4 15 26.1 359.0
18-4 15 24.3 339.0
18-4 15 29.5 310.0
18-4 15 24.3 359.0
18-4 15 19.1 24.0
18-4 15 26.9 20.0
18-4 15 27.8 323.0
18-4 15 17.4 322.0
18-4 15 20.0 335.0
18-4 15 30.4 359.0
18-4 15 26.1 335.0
18-4 15 24.3 359.0
18-4 15 18.2 318.0
18-4 15 28.7 330.0
18-4 16 18.2 354.0
18-4 16 20.9 330.0
18-4 16 21.7 359.0
18-4 16 20.9 310.0
18-4 16 24.3 319.0
18-4 16 21.7 359.0
18-4 16 22.6 359.0
18-4 16 30.4 321.0
18-4 16 19.1 317.0
18-4 16 26.1 321.0
18-4 16 21.7 359.0
18-4 16 20.9 333.0
18-4 16 27.8 359.0
18-4 16 13.0 359.0
18-4 16 25.2 293.0
18-4 16 24.3 350.0
18-4 16 23.5 314.0
18-4 16 15.6 319.0
18-4 16 26.9 359.0
18-4 16 27.8 345.0
18-4 16 19.1 359.0
18-4 16 20.9 359.0
18-4 16 25.2 340.0
18-4 16 26.9 324.0
18-4 16 16.5 359.0
18-4 16 19.1 354.0
18-4 16 22.6 314.0
18-4 16 22.6 325.0
18-4 16 24.3 318.0
18-4 16 22.6 12.0
18-4 17 24.3 318.0
18-4 17 24.3 359.0
18-4 17 20.0 359.0
18-4 17 20.9 337.0
18-4 17 20.0 359.0
18-4 17 14.8 324.0
18-4 17 21.7 326.0
18-4 17 20.0 313.0
18-4 17 19.1 347.0
18-4 17 21.7 347.0
18-4 17 17.4 270.0
18-4 17 26.1 331.0
18-4 17 20.9 288.0
18-4 17 20.0 329.0
18-4 17 26.1 342.0
18-4 17 18.2 297.0
18-4 17 20.9 335.0
18-4 17 24.3 331.0
18-4 17 19.1 359.0
18-4 17 18.2 345.0
18-4 17 19.1 337.0
18-4 17 30.4 359.0
18-4 17 25.2 359.0
18-4 17 20.9 12.0
18-4 17 27.8 359.0
18-4 17 25.2 354.0
18-4 17 24.3 334.0
18-4 17 27.8 338.0
18-4 17 25.2 359.0
18-4 17 20.0 310.0
18-4 18 19.1 331.0
18-4 18 28.7 343.0
18-4 18 18.2 359.0
18-4 18 21.7 333.0
18-4 18 24.3 312.0
18-4 18 19.1 359.0
18-4 18 23.5 332.0
18-4 18 14.8 359.0
18-4 18 19.1 359.0
18-4 18 19.1 359.0
18-4 18 26.9 359.0
18-4 18 23.5 275.0
18-4 18 17.4 312.0
18-4 18 23.5 359.0
18-4 18 26.9 285.0
18-4 18 25.2 326.0
18-4 18 21.7 359.0
18-4 18 23.5 359.0
18-4 18 24.3 314.0
18-4 18 15.6 359.0
18-4 18 18.2 310.0
18-4 18 21.7 310.0
18-4 18 16.5 292.0
18-4 18 16.5 337.0
18-4 18 22.6 321.0
18-4 18 20.0 359.0
18-4 18 23.5 349.0
18-4 18 20.9 359.0
18-4 18 19.1 317.0
18-4 18 23.5 338.0
18-4 19 18.2 334.0
18-4 19 22.6 4.0
18-4 19 24.3 314.0
18-4 19 20.0 322.0
18-4 19 20.0 359.0
18-4 19 20.9 343.0
18-4 19 18.2 249.0
18-4 19 20.0 341.0
18-4 19 21.7 359.0
18-4 19 17.4 25.0
18-4 19 19.1 359.0
18-4 19 21.7 359.0
18-4 19 20.0 317.0
18-4 19 24.3 335.0
18-4 19 25.2 335.0
18-4 19 20.9 359.0
18-4 19 17.4 327.0
18-4 19 15.6 359.0
18-4 19 24.3 326.0
18-4 19 26.1 330.0
18-4 19 26.1 359.0
18-4 19 23.5 29.0
18-4 19 24.3 331.0
18-4 19 25.2 18.0
18-4 19 25.2 359.0
18-4 19 19.1 337.0
18-4 19 20.9 336.0
18-4 19 25.2 346.0
18-4 19 20.0 336.0
18-4 19 20.0 347.0
18-4 20 18.2 359.0
18-4 20 23.5 359.0
18-4 20 18.2 336.0
18-4 20 20.9 359.0
18-4 20 18.2 359.0
18-4 20 20.0 359.0
18-4 20 17.4 328.0
18-4 20 20.0 359.0
18-4 20 26.1 344.0
18-4 20 25.2 343.0
18-4 20 20.9 359.0
18-4 20 20.9 324.0
18-4 20 22.6 359.0
18-4 20 20.9 359.0
18-4 20 19.1 339.0
18-4 20 23.5 354.0
18-4 20 21.7 359.0
18-4 20 23.5 359.0
18-4 20 17.4 350.0
18-4 20 20.0 349.0
18-4 20 19.1 4.0
18-4 20 18.2 19.0
18-4 20 22.6 338.0
18-4 20 14.8 359.0
18-4 20 16.5 359.0
18-4 20 15.6 8.0
18-4 20 20.0 8.0
18-4 20 17.4 359.0
18-4 20 19.1 359.0
18-4 20 17.4 359.0
18-4 21 17.4 11.0
18-4 21 18.2 347.0
18-4 21 14.8 4.0
18-4 21 16.5 359.0
18-4 21 16.5 336.0
18-4 21 18.2 345.0
18-4 21 14.8 4.0
18-4 21 15.6 359.0
18-4 21 14.8 359.0
18-4 21 18.2 359.0
18-4 21 20.0 4.0
18-4 21 18.2 354.0
18-4 21 17.4 20.0
18-4 21 17.4 359.0
18-4 21 16.5 337.0
18-4 21 14.8 347.0
18-4 21 17.4 359.0
18-4 21 15.6 359.0
18-4 21 13.9 12.0
18-4 21 17.4 4.0
18-4 21 14.8 4.0
18-4 21 13.0 15.0
18-4 21 13.0 4.0
18-4 21 13.9 23.0
18-4 21 9.6 15.0
18-4 21 7.8 26.0
18-4 21 7.8 16.0
18-4 21 6.1 25.0
18-4 21 7.0 10.0
18-4 21 14.8 354.0
18-4 22 6.1 29.0
18-4 22 6.1 36.0
18-4 22 6.1 16.0
18-4 22 8.7 4.0
18-4 22 7.8 8.0
18-4 22 7.0 16.0
18-4 22 7.8 18.0
18-4 22 8.7 359.0
18-4 22 7.8 347.0
18-4 22 9.6 359.0
18-4 22 9.6 8.0
18-4 22 12.2 16.0
18-4 22 8.7 343.0
18-4 22 13.0 4.0
18-4 22 12.2 345.0
18-4 22 11.3 4.0
18-4 22 12.2 14.0
18-4 22 12.2 18.0
18-4 22 11.3 8.0
18-4 22 13.0 16.0
18-4 22 9.6 14.0
18-4 22 11.3 12.0
18-4 22 9.6 347.0
18-4 22 9.6 4.0
18-4 22 10.4 359.0
18-4 22 8.7 341.0
18-4 22 5.2 340.0
18-4 22 13.0 4.0
18-4 22 5.2 359.0
18-4 22 7.0 359.0
18-4 23 9.6 359.0
18-4 23 7.8 4.0
18-4 23 10.4 4.0
18-4 23 7.0 359.0
18-4 23 10.4 359.0
18-4 23 7.8 4.0
18-4 23 11.3 359.0
18-4 23 12.2 359.0
18-4 23 12.2 328.0
18-4 23 17.4 4.0
18-4 23 15.6 4.0
18-4 23 13.9 359.0
18-4 23 13.0 359.0
18-4 23 11.3 337.0
18-4 23 9.6 4.0
18-4 23 9.6 8.0
18-4 23 13.0 20.0
18-4 23 13.0 29.0
18-4 23 12.2 9.0
18-4 23 9.6 11.0
18-4 23 14.8 19.0
18-4 23 14.8 4.0
18-4 23 13.0 15.0
18-4 23 12.2 4.0
18-4 23 15.6 12.0
18-4 23 13.0 8.0
18-4 23 11.3 4.0
18-4 23 10.4 21.0
18-4 23 13.9 4.0
18-4 23 12.2 12.0
