19-3 4 0.0 188.0
19-3 4 0.0 187.0
19-3 4 0.0 189.0
19-3 4 0.0 359.0
19-3 4 0.0 189.0
19-3 4 0.0 183.0
19-3 4 0.0 359.0
19-3 4 0.9 359.0
19-3 4 0.9 189.0
19-3 4 0.0 188.0
19-3 4 0.0 189.0
19-3 4 0.0 359.0
19-3 4 0.0 183.0
19-3 4 0.0 359.0
19-3 4 0.9 185.0
19-3 4 1.7 183.0
19-3 4 2.6 189.0
19-3 4 0.9 359.0
19-3 4 1.7 184.0
19-3 4 2.6 185.0
19-3 4 3.5 190.0
19-3 4 3.5 359.0
19-3 4 3.5 359.0
19-3 4 3.5 359.0
19-3 4 1.7 189.0
19-3 5 1.7 189.0
19-3 5 0.9 189.0
19-3 5 0.9 359.0
19-3 5 0.0 187.0
19-3 5 0.9 359.0
19-3 5 0.9 194.0
19-3 5 0.0 359.0
19-3 5 0.9 191.0
19-3 5 0.9 189.0
19-3 5 0.9 359.0
19-3 5 1.7 189.0
19-3 5 2.6 189.0
19-3 5 1.7 359.0
19-3 5 1.7 193.0
19-3 5 2.6 359.0
19-3 5 1.7 189.0
19-3 5 1.7 359.0
19-3 5 1.7 359.0
19-3 5 2.6 189.0
19-3 5 1.7 359.0
19-3 5 0.9 189.0
19-3 5 0.9 188.0
19-3 5 0.0 359.0
19-3 5 0.9 189.0
19-3 5 0.9 189.0
19-3 5 0.0 193.0
19-3 5 1.7 359.0
19-3 5 0.9 189.0
19-3 5 0.0 359.0
19-3 5 0.9 359.0
19-3 6 0.9 189.0
19-3 6 0.9 189.0
19-3 6 0.0 359.0
19-3 6 0.9 189.0
19-3 6 0.9 359.0
19-3 6 0.0 194.0
19-3 6 4.3 187.0
19-3 6 3.5 77.0
19-3 6 4.3 359.0
19-3 6 4.3 93.0
19-3 6 2.6 92.0
19-3 6 4.3 93.0
19-3 6 5.2 95.0
19-3 6 3.5 102.0
19-3 6 5.2 97.0
19-3 6 2.6 101.0
19-3 6 2.6 104.0
19-3 6 3.5 106.0
19-3 6 1.7 105.0
19-3 6 3.5 110.0
19-3 6 0.9 110.0
19-3 6 1.7 114.0
19-3 6 1.7 110.0
19-3 6 1.7 110.0
19-3 6 0.0 359.0
19-3 6 0.0 110.0
19-3 6 0.9 359.0
19-3 6 1.7 359.0
19-3 6 0.9 359.0
19-3 6 4.3 52.0
19-3 7 2.6 52.0
19-3 7 1.7 54.0
19-3 7 1.7 66.0
19-3 7 1.7 64.0
19-3 7 3.5 68.0
19-3 7 2.6 68.0
19-3 7 2.6 68.0
19-3 7 3.5 68.0
19-3 7 2.6 73.0
19-3 7 5.2 81.0
19-3 7 4.3 83.0
19-3 7 3.5 359.0
19-3 7 6.1 359.0
19-3 7 6.1 100.0
19-3 7 5.2 96.0
19-3 7 5.2 92.0
19-3 7 7.0 99.0
19-3 7 5.2 91.0
19-3 7 4.3 86.0
19-3 7 1.7 359.0
19-3 7 4.3 82.0
19-3 7 4.3 85.0
19-3 7 1.7 83.0
19-3 7 1.7 69.0
19-3 7 4.3 39.0
19-3 7 2.6 51.0
19-3 7 0.9 76.0
19-3 7 0.0 67.0
19-3 7 0.9 75.0
19-3 7 0.0 75.0
19-3 8 0.0 70.0
19-3 8 1.7 74.0
19-3 8 1.7 70.0
19-3 8 0.0 69.0
19-3 8 0.0 70.0
19-3 8 0.0 69.0
19-3 8 0.0 70.0
19-3 8 0.0 70.0
19-3 8 1.7 68.0
19-3 8 1.7 69.0
19-3 8 1.7 66.0
19-3 8 0.9 66.0
19-3 8 0.9 68.0
19-3 8 1.7 68.0
19-3 8 0.9 68.0
19-3 8 0.9 68.0
19-3 8 1.7 68.0
19-3 8 2.6 68.0
19-3 8 1.7 68.0
19-3 8 1.7 69.0
19-3 8 1.7 68.0
19-3 8 2.6 68.0
19-3 8 2.6 68.0
19-3 8 0.0 68.0
19-3 8 0.9 70.0
19-3 8 0.0 69.0
19-3 8 0.9 70.0
19-3 8 0.9 69.0
19-3 8 0.0 70.0
19-3 8 0.0 70.0
19-3 9 0.0 69.0
19-3 9 0.0 69.0
19-3 9 0.0 70.0
19-3 9 0.0 69.0
19-3 9 0.0 68.0
19-3 9 0.0 68.0
19-3 9 0.0 68.0
19-3 9 0.0 68.0
19-3 9 0.0 67.0
19-3 9 1.7 68.0
19-3 9 1.7 69.0
19-3 9 1.7 67.0
19-3 9 1.7 67.0
19-3 9 1.7 66.0
19-3 9 3.5 68.0
19-3 9 3.5 337.0
19-3 9 2.6 297.0
19-3 9 3.5 293.0
19-3 9 3.5 293.0
19-3 9 3.5 359.0
19-3 9 2.6 359.0
19-3 9 1.7 295.0
19-3 9 2.6 359.0
19-3 9 3.5 359.0
19-3 9 4.3 359.0
19-3 9 1.7 312.0
19-3 9 1.7 308.0
19-3 9 0.9 359.0
19-3 9 2.6 305.0
19-3 9 4.3 359.0
19-3 10 4.3 263.0
19-3 10 4.3 264.0
19-3 10 4.3 359.0
19-3 10 3.5 359.0
19-3 10 1.7 252.0
19-3 10 4.3 257.0
19-3 10 1.7 359.0
19-3 10 0.0 272.0
19-3 10 0.0 273.0
19-3 10 0.0 36.0
19-3 10 0.0 36.0
19-3 10 0.0 36.0
19-3 10 1.7 36.0
19-3 10 1.7 148.0
19-3 10 3.5 165.0
19-3 10 2.6 166.0
19-3 10 3.5 178.0
19-3 10 5.2 165.0
19-3 10 0.9 170.0
19-3 10 1.7 169.0
19-3 10 0.9 170.0
19-3 10 2.6 170.0
19-3 10 4.3 159.0
19-3 10 2.6 162.0
19-3 10 2.6 158.0
19-3 10 1.7 164.0
19-3 10 1.7 139.0
19-3 10 2.6 117.0
19-3 10 0.9 117.0
19-3 10 3.5 156.0
19-3 11 3.5 154.0
19-3 11 1.7 131.0
19-3 11 0.9 128.0
19-3 11 1.7 170.0
19-3 11 0.0 359.0
19-3 11 1.7 174.0
19-3 11 0.0 175.0
19-3 11 0.0 177.0
19-3 11 0.9 173.0
19-3 11 1.7 174.0
19-3 11 1.7 172.0
19-3 11 3.5 174.0
19-3 11 2.6 174.0
19-3 11 5.2 170.0
19-3 11 0.9 172.0
19-3 11 3.5 74.0
19-3 11 1.7 63.0
19-3 11 1.7 63.0
19-3 11 1.7 62.0
19-3 11 0.9 62.0
19-3 11 0.9 62.0
19-3 11 5.2 249.0
19-3 11 7.0 244.0
19-3 11 7.8 230.0
19-3 11 4.3 249.0
19-3 11 4.3 205.0
19-3 11 5.2 208.0
19-3 11 5.2 205.0
19-3 11 6.1 203.0
19-3 11 6.1 210.0
19-3 12 10.4 221.0
19-3 12 4.3 187.0
19-3 12 6.1 209.0
19-3 12 3.5 208.0
19-3 12 7.8 208.0
19-3 12 3.5 209.0
19-3 12 5.2 199.0
19-3 12 7.0 209.0
19-3 12 6.1 205.0
19-3 12 6.1 208.0
19-3 12 9.6 216.0
19-3 12 6.1 200.0
19-3 12 5.2 213.0
19-3 12 7.8 221.0
19-3 12 3.5 201.0
19-3 12 0.9 180.0
19-3 12 4.3 204.0
19-3 12 6.1 203.0
19-3 12 4.3 193.0
19-3 12 7.0 214.0
19-3 12 1.7 210.0
19-3 12 1.7 208.0
19-3 12 4.3 207.0
19-3 12 2.6 168.0
19-3 12 4.3 168.0
19-3 12 0.9 169.0
19-3 12 0.9 172.0
19-3 12 5.2 169.0
19-3 12 1.7 175.0
19-3 12 1.7 168.0
19-3 13 0.9 148.0
19-3 13 0.0 148.0
19-3 13 0.9 148.0
19-3 13 3.5 165.0
19-3 13 2.6 156.0
19-3 13 2.6 158.0
19-3 13 1.7 143.0
19-3 13 6.1 188.0
19-3 13 6.1 157.0
19-3 13 2.6 143.0
19-3 13 5.2 180.0
19-3 13 2.6 185.0
19-3 13 6.1 195.0
19-3 13 4.3 199.0
19-3 13 6.1 208.0
19-3 13 5.2 217.0
19-3 13 2.6 204.0
19-3 13 4.3 187.0
19-3 13 2.6 199.0
19-3 13 3.5 207.0
19-3 13 1.7 205.0
19-3 13 7.8 233.0
19-3 13 7.0 247.0
19-3 13 3.5 204.0
19-3 13 0.9 204.0
19-3 13 0.0 204.0
19-3 13 1.7 205.0
19-3 13 4.3 197.0
19-3 13 0.9 197.0
19-3 13 0.0 206.0
19-3 14 0.0 206.0
19-3 14 4.3 205.0
19-3 14 7.8 248.0
19-3 14 4.3 359.0
19-3 14 0.9 359.0
19-3 14 4.3 231.0
19-3 14 3.5 231.0
19-3 14 6.1 235.0
19-3 14 7.8 241.0
19-3 14 6.1 243.0
19-3 14 7.0 241.0
19-3 14 4.3 231.0
19-3 14 6.1 247.0
19-3 14 6.1 233.0
19-3 14 6.1 235.0
19-3 14 7.8 260.0
19-3 14 6.1 245.0
19-3 14 4.3 250.0
19-3 14 7.0 241.0
19-3 14 8.7 237.0
19-3 14 7.8 238.0
19-3 14 10.4 223.0
19-3 14 6.1 240.0
19-3 14 7.0 231.0
19-3 14 9.6 232.0
19-3 14 9.6 221.0
19-3 14 7.8 232.0
19-3 14 10.4 229.0
19-3 14 6.1 237.0
19-3 14 10.4 224.0
19-3 15 8.7 232.0
19-3 15 8.7 230.0
19-3 15 7.0 229.0
19-3 15 8.7 238.0
19-3 15 9.6 243.0
19-3 15 10.4 231.0
19-3 15 7.8 234.0
19-3 15 7.8 223.0
19-3 15 7.8 359.0
19-3 15 7.0 359.0
19-3 15 5.2 222.0
19-3 15 7.0 359.0
19-3 15 8.7 243.0
19-3 15 7.0 229.0
19-3 15 6.1 359.0
19-3 15 9.6 243.0
19-3 15 7.0 359.0
19-3 15 7.0 239.0
19-3 15 7.8 236.0
19-3 15 10.4 359.0
19-3 15 6.1 359.0
19-3 15 7.0 359.0
19-3 15 6.1 236.0
19-3 15 4.3 272.0
19-3 15 6.1 248.0
19-3 15 8.7 359.0
19-3 15 7.8 232.0
19-3 15 6.1 250.0
19-3 15 9.6 241.0
19-3 15 7.0 248.0
19-3 16 8.7 229.0
19-3 16 7.8 241.0
19-3 16 7.0 226.0
19-3 16 6.1 239.0
19-3 16 11.3 232.0
19-3 16 11.3 226.0
19-3 16 9.6 244.0
19-3 16 9.6 359.0
19-3 16 5.2 237.0
19-3 16 7.0 232.0
19-3 16 6.1 208.0
19-3 16 8.7 359.0
19-3 16 7.0 186.0
19-3 16 7.8 359.0
19-3 16 4.3 247.0
19-3 16 7.8 218.0
19-3 16 6.1 359.0
19-3 16 4.3 227.0
19-3 16 6.1 243.0
19-3 16 5.2 239.0
19-3 16 3.5 359.0
19-3 16 4.3 226.0
19-3 16 6.1 253.0
19-3 16 6.1 245.0
19-3 16 5.2 242.0
19-3 16 4.3 359.0
19-3 16 5.2 247.0
19-3 16 6.1 242.0
19-3 16 6.1 359.0
19-3 16 4.3 359.0
19-3 17 7.0 243.0
19-3 17 4.3 243.0
19-3 17 5.2 359.0
19-3 17 4.3 242.0
19-3 17 5.2 244.0
19-3 17 3.5 247.0
19-3 17 4.3 256.0
19-3 17 4.3 245.0
19-3 17 3.5 239.0
19-3 17 6.1 359.0
19-3 17 7.8 220.0
19-3 17 6.1 359.0
19-3 17 7.0 359.0
19-3 17 5.2 359.0
19-3 17 4.3 235.0
19-3 17 2.6 236.0
19-3 17 3.5 247.0
19-3 17 0.9 229.0
19-3 17 4.3 231.0
19-3 17 4.3 241.0
19-3 17 2.6 359.0
19-3 17 2.6 259.0
19-3 17 5.2 241.0
19-3 17 1.7 246.0
19-3 17 1.7 248.0
19-3 17 1.7 251.0
19-3 17 0.9 252.0
19-3 17 0.9 251.0
19-3 17 1.7 253.0
19-3 17 2.6 272.0
19-3 18 1.7 270.0
19-3 18 4.3 265.0
19-3 18 3.5 283.0
19-3 18 2.6 359.0
19-3 18 1.7 296.0
19-3 18 1.7 295.0
19-3 18 2.6 359.0
19-3 18 3.5 359.0
19-3 18 1.7 289.0
19-3 18 1.7 288.0
19-3 18 0.0 359.0
19-3 18 0.0 359.0
19-3 18 0.0 290.0
19-3 18 0.9 298.0
19-3 18 0.0 299.0
19-3 18 0.0 359.0
19-3 18 0.0 359.0
19-3 18 0.0 297.0
19-3 18 0.9 359.0
19-3 18 0.0 297.0
19-3 18 0.0 296.0
19-3 18 0.0 296.0
19-3 18 0.0 297.0
19-3 18 0.0 297.0
19-3 18 0.9 295.0
19-3 18 0.0 303.0
19-3 18 0.9 182.0
19-3 18 0.0 359.0
19-3 18 1.7 168.0
19-3 18 1.7 168.0
19-3 19 0.0 359.0
19-3 19 0.0 170.0
19-3 19 0.0 359.0
19-3 19 0.0 170.0
19-3 19 0.0 170.0
19-3 19 0.0 359.0
19-3 19 0.9 172.0
19-3 19 0.0 185.0
19-3 19 0.0 172.0
19-3 19 1.7 170.0
19-3 19 0.0 359.0
19-3 19 0.0 170.0
19-3 19 0.0 171.0
19-3 19 0.9 173.0
19-3 19 0.0 172.0
19-3 19 0.9 359.0
19-3 19 0.9 359.0
19-3 19 0.0 172.0
19-3 19 0.0 172.0
19-3 19 0.0 170.0
19-3 19 0.9 170.0
19-3 19 0.0 172.0
19-3 19 0.0 171.0
19-3 19 0.0 170.0
19-3 19 0.0 171.0
19-3 19 0.0 185.0
19-3 19 0.0 359.0
19-3 19 0.0 359.0
19-3 19 0.0 168.0
19-3 19 0.0 171.0
19-3 20 0.0 171.0
19-3 20 0.0 171.0
19-3 20 0.0 359.0
19-3 20 0.0 359.0
19-3 20 0.0 359.0
19-3 20 0.0 177.0
19-3 20 0.0 171.0
19-3 20 0.0 359.0
19-3 20 0.0 172.0
19-3 20 0.0 172.0
19-3 20 0.0 170.0
19-3 20 0.0 359.0
19-3 20 0.0 359.0
19-3 20 0.0 171.0
19-3 20 0.0 173.0
19-3 20 0.0 172.0
19-3 20 0.0 359.0
19-3 20 0.0 359.0
19-3 20 1.7 172.0
19-3 20 0.9 173.0
19-3 20 0.0 172.0
19-3 20 0.0 359.0
19-3 20 0.9 172.0
19-3 20 0.0 181.0
19-3 20 0.0 170.0
19-3 20 0.0 359.0
19-3 20 0.0 359.0
19-3 20 0.9 170.0
19-3 20 0.9 359.0
19-3 20 1.7 172.0
19-3 21 0.9 359.0
19-3 21 0.0 172.0
19-3 21 0.0 359.0
19-3 21 0.0 172.0
19-3 21 0.0 359.0
19-3 21 0.0 173.0
19-3 21 0.0 172.0
19-3 21 0.0 173.0
19-3 21 0.0 174.0
19-3 21 0.0 359.0
19-3 21 0.0 359.0
19-3 21 0.0 173.0
19-3 21 0.0 171.0
19-3 21 0.9 181.0
19-3 21 0.0 359.0
19-3 21 0.0 359.0
19-3 21 0.0 359.0
19-3 21 0.0 181.0
19-3 21 0.0 359.0
19-3 21 0.0 170.0
19-3 21 0.0 172.0
19-3 21 0.0 359.0
19-3 21 0.0 173.0
19-3 21 0.0 172.0
19-3 21 0.9 172.0
19-3 21 0.9 359.0
19-3 21 0.0 179.0
19-3 21 0.9 171.0
19-3 21 0.0 359.0
19-3 21 0.0 172.0
19-3 22 0.0 173.0
19-3 22 0.0 359.0
19-3 22 0.0 359.0
19-3 22 0.0 172.0
19-3 22 0.0 174.0
19-3 22 0.0 172.0
19-3 22 0.0 359.0
19-3 22 0.9 359.0
19-3 22 0.0 174.0
19-3 22 1.7 172.0
19-3 22 0.9 359.0
19-3 22 0.9 174.0
19-3 22 0.9 181.0
19-3 22 0.9 174.0
19-3 22 0.9 174.0
19-3 22 0.0 175.0
19-3 22 0.9 181.0
19-3 22 0.9 174.0
19-3 22 0.9 359.0
19-3 22 0.9 174.0
19-3 22 0.0 174.0
19-3 22 0.0 173.0
19-3 22 0.0 359.0
19-3 22 0.0 174.0
19-3 22 0.0 174.0
19-3 22 0.0 359.0
19-3 22 0.0 174.0
19-3 22 0.0 174.0
19-3 22 0.0 174.0
19-3 22 0.0 359.0
19-3 23 0.0 359.0
19-3 23 0.0 177.0
19-3 23 0.0 174.0
19-3 23 0.0 174.0
19-3 23 0.0 174.0
19-3 23 0.0 359.0
19-3 23 0.0 174.0
19-3 23 0.0 175.0
19-3 23 0.0 174.0
19-3 23 0.0 359.0
19-3 23 0.0 174.0
19-3 23 0.0 174.0
19-3 23 0.0 174.0
19-3 23 0.0 181.0
19-3 23 0.0 173.0
19-3 23 0.9 172.0
19-3 23 0.0 174.0
19-3 23 0.0 359.0
19-3 23 0.0 359.0
19-3 23 0.0 359.0
19-3 23 0.0 174.0
19-3 23 0.0 175.0
19-3 23 0.0 359.0
19-3 23 0.0 359.0
19-3 23 0.0 174.0
19-3 23 1.7 174.0
19-3 23 2.6 174.0
19-3 23 1.7 172.0
19-3 23 1.7 181.0
19-3 23 2.6 173.0
