19-4 5 8.7 310.0
19-4 5 15.6 350.0
19-4 5 13.0 354.0
19-4 5 9.6 359.0
19-4 5 8.7 4.0
19-4 5 12.2 359.0
19-4 5 13.9 345.0
19-4 5 11.3 8.0
19-4 5 7.8 359.0
19-4 5 11.3 354.0
19-4 5 7.8 359.0
19-4 5 11.3 340.0
19-4 5 7.8 330.0
19-4 5 8.7 359.0
19-4 5 10.4 4.0
19-4 5 9.6 32.0
19-4 5 5.2 9.0
19-4 5 5.2 28.0
19-4 5 7.8 48.0
19-4 5 7.0 39.0
19-4 5 8.7 37.0
19-4 5 7.0 38.0
19-4 5 6.1 41.0
19-4 5 7.0 63.0
19-4 5 6.1 48.0
19-4 5 11.3 32.0
19-4 5 7.8 33.0
19-4 5 7.0 29.0
19-4 5 2.6 39.0
19-4 5 1.7 52.0
19-4 6 1.7 45.0
19-4 6 0.9 45.0
19-4 6 0.0 41.0
19-4 6 5.2 359.0
19-4 6 1.7 85.0
19-4 6 0.0 359.0
19-4 6 0.0 79.0
19-4 6 0.0 76.0
19-4 6 0.0 87.0
19-4 6 2.6 85.0
19-4 6 2.6 83.0
19-4 6 1.7 85.0
19-4 6 4.3 87.0
19-4 6 2.6 84.0
19-4 6 2.6 84.0
19-4 6 4.3 85.0
19-4 6 0.9 77.0
19-4 6 2.6 87.0
19-4 6 1.7 85.0
19-4 6 1.7 98.0
19-4 6 5.2 100.0
19-4 6 4.3 87.0
19-4 6 2.6 359.0
19-4 6 5.2 82.0
19-4 6 6.1 80.0
19-4 6 4.3 359.0
19-4 6 5.2 81.0
19-4 6 2.6 8.0
19-4 6 6.1 8.0
19-4 6 7.0 13.0
19-4 7 2.6 17.0
19-4 7 0.9 18.0
19-4 7 0.0 15.0
19-4 7 1.7 18.0
19-4 7 0.9 15.0
19-4 7 0.0 15.0
19-4 7 1.7 14.0
19-4 7 1.7 15.0
19-4 7 0.0 18.0
19-4 7 1.7 14.0
19-4 7 1.7 14.0
19-4 7 3.5 16.0
19-4 7 2.6 14.0
19-4 7 0.0 18.0
19-4 7 0.0 22.0
19-4 7 0.0 18.0
19-4 7 0.0 18.0
19-4 7 0.0 16.0
19-4 7 0.0 17.0
19-4 7 0.0 15.0
19-4 7 0.0 17.0
19-4 7 0.0 17.0
19-4 7 0.9 20.0
19-4 7 0.9 17.0
19-4 7 1.7 17.0
19-4 7 0.0 16.0
19-4 7 0.9 17.0
19-4 7 1.7 17.0
19-4 7 1.7 17.0
19-4 7 0.9 17.0
19-4 8 0.0 17.0
19-4 8 0.9 18.0
19-4 8 1.7 17.0
19-4 8 0.9 16.0
19-4 8 2.6 18.0
19-4 8 1.7 17.0
19-4 8 0.0 21.0
19-4 8 0.0 17.0
19-4 8 0.0 17.0
19-4 8 0.9 21.0
19-4 8 2.6 16.0
19-4 8 2.6 17.0
19-4 8 2.6 20.0
19-4 8 2.6 31.0
19-4 8 2.6 33.0
19-4 8 0.0 33.0
19-4 8 3.5 34.0
19-4 8 1.7 31.0
19-4 8 1.7 31.0
19-4 8 4.3 31.0
19-4 8 3.5 37.0
19-4 8 5.2 25.0
19-4 8 3.5 31.0
19-4 8 2.6 30.0
19-4 8 3.5 27.0
19-4 8 4.3 25.0
19-4 8 4.3 25.0
19-4 8 3.5 27.0
19-4 8 2.6 30.0
19-4 8 1.7 26.0
19-4 9 0.9 29.0
19-4 9 0.9 27.0
19-4 9 0.0 28.0
19-4 9 0.0 25.0
19-4 9 1.7 25.0
19-4 9 0.9 25.0
19-4 9 2.6 25.0
19-4 9 1.7 28.0
19-4 9 0.9 25.0
19-4 9 1.7 25.0
19-4 9 1.7 27.0
19-4 9 2.6 25.0
19-4 9 1.7 25.0
19-4 9 2.6 29.0
19-4 9 0.9 25.0
19-4 9 0.0 25.0
19-4 9 3.5 27.0
19-4 9 2.6 25.0
19-4 9 1.7 27.0
19-4 9 0.9 25.0
19-4 9 2.6 28.0
19-4 9 1.7 27.0
19-4 9 5.2 25.0
19-4 9 1.7 12.0
19-4 9 3.5 10.0
19-4 9 6.1 4.0
19-4 9 4.3 4.0
19-4 9 8.7 332.0
19-4 9 5.2 359.0
19-4 9 7.0 359.0
19-4 10 8.7 308.0
19-4 10 8.7 313.0
19-4 10 7.8 318.0
19-4 10 7.0 332.0
19-4 10 7.0 304.0
19-4 10 3.5 325.0
19-4 10 6.1 334.0
19-4 10 7.0 320.0
19-4 10 7.0 323.0
19-4 10 7.8 315.0
19-4 10 5.2 293.0
19-4 10 7.8 289.0
19-4 10 6.1 306.0
19-4 10 6.1 359.0
19-4 10 7.8 359.0
19-4 10 7.0 326.0
19-4 10 7.0 282.0
19-4 10 7.8 284.0
19-4 10 7.0 359.0
19-4 10 6.1 276.0
19-4 10 5.2 359.0
19-4 10 8.7 299.0
19-4 10 7.8 359.0
19-4 10 8.7 260.0
19-4 10 10.4 247.0
19-4 10 10.4 267.0
19-4 10 8.7 285.0
19-4 10 7.8 278.0
19-4 10 8.7 359.0
19-4 10 7.0 359.0
19-4 11 7.8 245.0
19-4 11 5.2 272.0
19-4 11 7.0 359.0
19-4 11 5.2 256.0
19-4 11 7.0 283.0
19-4 11 7.0 261.0
19-4 11 6.1 359.0
19-4 11 7.8 282.0
19-4 11 6.1 287.0
19-4 11 5.2 359.0
19-4 11 5.2 335.0
19-4 11 7.0 310.0
19-4 11 7.8 324.0
19-4 11 6.1 333.0
19-4 11 8.7 314.0
19-4 11 8.7 321.0
19-4 11 8.7 310.0
19-4 11 4.3 325.0
19-4 11 7.8 321.0
19-4 11 7.8 359.0
19-4 11 8.7 359.0
19-4 11 9.6 345.0
19-4 11 7.0 311.0
19-4 11 8.7 359.0
19-4 11 7.8 359.0
19-4 11 9.6 359.0
19-4 11 12.2 359.0
19-4 11 8.7 359.0
19-4 11 9.6 299.0
19-4 11 9.6 313.0
19-4 12 10.4 331.0
19-4 12 10.4 320.0
19-4 12 11.3 316.0
19-4 12 8.7 326.0
19-4 12 12.2 359.0
19-4 12 12.2 325.0
19-4 12 10.4 311.0
19-4 12 7.8 359.0
19-4 12 9.6 359.0
19-4 12 5.2 359.0
19-4 12 7.8 359.0
19-4 12 10.4 359.0
19-4 12 8.7 359.0
19-4 12 10.4 294.0
19-4 12 12.2 359.0
19-4 12 10.4 317.0
19-4 12 8.7 296.0
19-4 12 7.8 298.0
19-4 12 8.7 359.0
19-4 12 7.8 306.0
19-4 12 11.3 359.0
19-4 12 10.4 290.0
19-4 12 10.4 304.0
19-4 12 11.3 304.0
19-4 12 9.6 295.0
19-4 12 11.3 301.0
19-4 12 9.6 306.0
19-4 12 10.4 359.0
19-4 12 9.6 303.0
19-4 12 10.4 291.0
19-4 13 8.7 288.0
19-4 13 12.2 287.0
19-4 13 7.8 359.0
19-4 13 6.1 359.0
19-4 13 8.7 295.0
19-4 13 10.4 359.0
19-4 13 10.4 302.0
19-4 13 10.4 359.0
19-4 13 9.6 299.0
19-4 13 7.8 359.0
19-4 13 9.6 359.0
19-4 13 9.6 359.0
19-4 13 11.3 359.0
19-4 13 7.8 274.0
19-4 13 10.4 359.0
19-4 13 9.6 299.0
19-4 13 8.7 293.0
19-4 13 12.2 301.0
19-4 13 13.0 284.0
19-4 13 11.3 359.0
19-4 13 11.3 359.0
19-4 13 10.4 307.0
19-4 13 14.8 306.0
19-4 13 12.2 305.0
19-4 13 13.0 359.0
19-4 13 10.4 359.0
19-4 13 15.6 359.0
19-4 13 13.9 324.0
19-4 13 9.6 359.0
19-4 13 14.8 300.0
19-4 14 12.2 327.0
19-4 14 9.6 359.0
19-4 14 9.6 289.0
19-4 14 12.2 359.0
19-4 14 13.9 299.0
19-4 14 12.2 288.0
19-4 14 11.3 323.0
19-4 14 17.4 303.0
19-4 14 11.3 359.0
19-4 14 11.3 305.0
19-4 14 11.3 359.0
19-4 14 18.2 286.0
19-4 14 13.9 305.0
19-4 14 16.5 359.0
19-4 14 14.8 305.0
19-4 14 13.9 270.0
19-4 14 9.6 324.0
19-4 14 13.9 359.0
19-4 14 15.6 291.0
19-4 14 16.5 359.0
19-4 14 12.2 359.0
19-4 14 13.9 359.0
19-4 14 16.5 359.0
19-4 14 13.9 299.0
19-4 14 9.6 303.0
19-4 14 12.2 293.0
19-4 14 13.0 359.0
19-4 14 13.0 359.0
19-4 14 13.0 283.0
19-4 14 10.4 359.0
19-4 15 10.4 300.0
19-4 15 7.0 285.0
19-4 15 6.1 359.0
19-4 15 12.2 319.0
19-4 15 13.9 359.0
19-4 15 10.4 359.0
19-4 15 10.4 359.0
19-4 15 11.3 285.0
19-4 15 11.3 302.0
19-4 15 13.0 297.0
19-4 15 13.0 312.0
19-4 15 11.3 287.0
19-4 15 12.2 292.0
19-4 15 15.6 322.0
19-4 15 10.4 264.0
19-4 15 13.9 291.0
19-4 15 15.6 294.0
19-4 15 13.9 359.0
19-4 15 9.6 310.0
19-4 15 11.3 359.0
19-4 15 12.2 308.0
19-4 15 16.5 359.0
19-4 15 16.5 359.0
19-4 15 11.3 314.0
19-4 15 13.0 285.0
19-4 15 10.4 310.0
19-4 15 18.2 306.0
19-4 15 17.4 272.0
19-4 15 17.4 299.0
19-4 15 17.4 306.0
19-4 16 18.2 291.0
19-4 16 13.0 359.0
19-4 16 13.9 359.0
19-4 16 14.8 359.0
19-4 16 13.9 298.0
19-4 16 11.3 359.0
19-4 16 12.2 295.0
19-4 16 10.4 297.0
19-4 16 13.9 359.0
19-4 16 12.2 310.0
19-4 16 13.0 280.0
19-4 16 16.5 359.0
19-4 16 12.2 298.0
19-4 16 16.5 309.0
19-4 16 14.8 308.0
19-4 16 17.4 293.0
19-4 16 13.9 359.0
19-4 16 17.4 298.0
19-4 16 14.8 304.0
19-4 16 15.6 296.0
19-4 16 18.2 303.0
19-4 16 15.6 297.0
19-4 16 16.5 359.0
19-4 16 18.2 359.0
19-4 16 22.6 359.0
19-4 16 18.2 359.0
19-4 16 13.0 282.0
19-4 16 18.2 359.0
19-4 16 13.0 290.0
19-4 16 11.3 296.0
19-4 17 13.0 260.0
19-4 17 17.4 359.0
19-4 17 17.4 291.0
19-4 17 15.6 302.0
19-4 17 15.6 359.0
19-4 17 16.5 308.0
19-4 17 14.8 308.0
19-4 17 15.6 359.0
19-4 17 17.4 359.0
19-4 17 10.4 359.0
19-4 17 15.6 359.0
19-4 17 8.7 359.0
19-4 17 13.9 299.0
19-4 17 13.9 295.0
19-4 17 13.9 359.0
19-4 17 13.0 359.0
19-4 17 13.9 303.0
19-4 17 9.6 301.0
19-4 17 15.6 312.0
19-4 17 12.2 302.0
19-4 17 11.3 302.0
19-4 17 11.3 299.0
19-4 17 16.5 291.0
19-4 17 16.5 298.0
19-4 17 13.0 359.0
19-4 17 16.5 299.0
19-4 17 12.2 302.0
19-4 17 14.8 292.0
19-4 17 10.4 359.0
19-4 17 8.7 264.0
19-4 18 13.0 264.0
19-4 18 11.3 359.0
19-4 18 11.3 272.0
19-4 18 9.6 264.0
19-4 18 12.2 267.0
19-4 18 13.9 284.0
19-4 18 11.3 262.0
19-4 18 13.9 359.0
19-4 18 15.6 359.0
19-4 18 12.2 359.0
19-4 18 12.2 359.0
19-4 18 8.7 278.0
19-4 18 14.8 237.0
19-4 18 9.6 359.0
19-4 18 9.6 253.0
19-4 18 11.3 245.0
19-4 18 10.4 270.0
19-4 18 12.2 359.0
19-4 18 9.6 276.0
19-4 18 11.3 270.0
19-4 18 13.0 359.0
19-4 18 9.6 278.0
19-4 18 9.6 283.0
19-4 18 11.3 359.0
19-4 18 10.4 281.0
19-4 18 10.4 359.0
19-4 18 9.6 281.0
19-4 18 7.0 264.0
19-4 18 9.6 359.0
19-4 18 9.6 359.0
19-4 19 9.6 359.0
19-4 19 10.4 251.0
19-4 19 11.3 247.0
19-4 19 10.4 359.0
19-4 19 9.6 251.0
19-4 19 7.8 359.0
19-4 19 8.7 249.0
19-4 19 11.3 269.0
19-4 19 9.6 243.0
19-4 19 12.2 249.0
19-4 19 8.7 245.0
19-4 19 7.0 359.0
19-4 19 11.3 359.0
19-4 19 10.4 359.0
19-4 19 7.0 252.0
19-4 19 11.3 359.0
19-4 19 7.0 359.0
19-4 19 9.6 274.0
19-4 19 10.4 359.0
19-4 19 8.7 268.0
19-4 19 11.3 250.0
19-4 19 9.6 237.0
19-4 19 9.6 359.0
19-4 19 10.4 359.0
19-4 19 8.7 359.0
19-4 19 10.4 359.0
19-4 19 8.7 268.0
19-4 19 13.9 251.0
19-4 19 10.4 359.0
19-4 19 11.3 258.0
19-4 20 9.6 359.0
19-4 20 9.6 359.0
19-4 20 13.9 257.0
19-4 20 10.4 247.0
19-4 20 16.5 262.0
19-4 20 13.9 272.0
19-4 20 18.2 359.0
19-4 20 14.8 262.0
19-4 20 13.0 241.0
19-4 20 13.9 359.0
19-4 20 13.9 359.0
19-4 20 14.8 268.0
19-4 20 15.6 268.0
19-4 20 14.8 359.0
19-4 20 15.6 253.0
19-4 20 13.9 278.0
19-4 20 12.2 359.0
19-4 20 13.9 359.0
19-4 20 9.6 359.0
19-4 20 10.4 249.0
19-4 20 15.6 258.0
19-4 20 12.2 359.0
19-4 20 13.9 272.0
19-4 20 13.0 359.0
19-4 20 14.8 359.0
19-4 20 15.6 269.0
19-4 20 12.2 267.0
19-4 20 10.4 257.0
19-4 20 13.0 261.0
19-4 20 13.0 359.0
19-4 21 10.4 277.0
19-4 21 11.3 359.0
19-4 21 10.4 359.0
19-4 21 10.4 359.0
19-4 21 13.0 359.0
19-4 21 11.3 271.0
19-4 21 13.0 268.0
19-4 21 8.7 258.0
19-4 21 11.3 282.0
19-4 21 9.6 275.0
19-4 21 9.6 266.0
19-4 21 9.6 268.0
19-4 21 9.6 273.0
19-4 21 4.3 359.0
19-4 21 6.1 359.0
19-4 21 7.8 250.0
19-4 21 7.8 235.0
19-4 21 7.8 359.0
19-4 21 7.8 359.0
19-4 21 5.2 257.0
19-4 21 7.0 359.0
19-4 21 9.6 264.0
19-4 21 6.1 268.0
19-4 21 9.6 271.0
19-4 21 10.4 265.0
19-4 21 8.7 359.0
19-4 21 9.6 260.0
19-4 21 7.8 248.0
19-4 21 6.1 359.0
19-4 21 6.1 243.0
19-4 22 3.5 259.0
19-4 22 6.1 359.0
19-4 22 7.0 259.0
19-4 22 5.2 359.0
19-4 22 6.1 248.0
19-4 22 7.0 261.0
19-4 22 9.6 243.0
19-4 22 8.7 250.0
19-4 22 7.8 359.0
19-4 22 4.3 260.0
19-4 22 7.0 359.0
19-4 22 7.0 260.0
19-4 22 3.5 243.0
19-4 22 7.8 254.0
19-4 22 3.5 359.0
19-4 22 7.0 255.0
19-4 22 7.0 237.0
19-4 22 7.8 239.0
19-4 22 8.7 234.0
19-4 22 7.0 359.0
19-4 22 7.0 239.0
19-4 22 5.2 359.0
19-4 22 6.1 359.0
19-4 22 4.3 359.0
19-4 22 7.8 239.0
19-4 22 4.3 359.0
19-4 22 4.3 359.0
19-4 22 4.3 359.0
19-4 22 2.6 248.0
19-4 22 5.2 258.0
19-4 23 4.3 359.0
19-4 23 1.7 256.0
19-4 23 2.6 359.0
19-4 23 4.3 266.0
19-4 23 2.6 295.0
19-4 23 2.6 286.0
19-4 23 2.6 295.0
19-4 23 1.7 289.0
19-4 23 1.7 296.0
19-4 23 3.5 359.0
19-4 23 2.6 289.0
19-4 23 0.9 289.0
19-4 23 0.0 295.0
19-4 23 3.5 359.0
19-4 23 2.6 285.0
19-4 23 1.7 359.0
19-4 23 5.2 359.0
19-4 23 4.3 359.0
19-4 23 3.5 359.0
19-4 23 2.6 359.0
19-4 23 3.5 239.0
19-4 23 3.5 254.0
19-4 23 1.7 264.0
19-4 23 1.7 237.0
19-4 23 1.7 359.0
19-4 23 2.6 220.0
19-4 23 1.7 359.0
19-4 23 2.6 218.0
19-4 23 1.7 236.0
19-4 23 1.7 359.0
