20-3 4 0.0 108.0
20-3 4 0.9 107.0
20-3 4 1.7 359.0
20-3 4 2.6 359.0
20-3 4 0.9 108.0
20-3 4 2.6 60.0
20-3 4 5.2 93.0
20-3 4 2.6 89.0
20-3 4 1.7 93.0
20-3 4 2.6 90.0
20-3 4 2.6 89.0
20-3 4 6.1 88.0
20-3 4 2.6 90.0
20-3 4 5.2 93.0
20-3 4 6.1 93.0
20-3 4 4.3 359.0
20-3 4 5.2 90.0
20-3 4 7.0 84.0
20-3 4 6.1 89.0
20-3 4 6.1 94.0
20-3 4 4.3 86.0
20-3 4 4.3 359.0
20-3 4 4.3 89.0
20-3 4 4.3 91.0
20-3 4 6.1 96.0
20-3 4 5.2 87.0
20-3 5 6.1 99.0
20-3 5 4.3 95.0
20-3 5 4.3 89.0
20-3 5 5.2 91.0
20-3 5 5.2 91.0
20-3 5 5.2 87.0
20-3 5 5.2 87.0
20-3 5 3.5 359.0
20-3 5 4.3 88.0
20-3 5 2.6 91.0
20-3 5 4.3 359.0
20-3 5 4.3 83.0
20-3 5 4.3 359.0
20-3 5 3.5 77.0
20-3 5 4.3 74.0
20-3 5 4.3 81.0
20-3 5 2.6 77.0
20-3 5 2.6 80.0
20-3 5 5.2 80.0
20-3 5 3.5 359.0
20-3 5 4.3 77.0
20-3 5 4.3 88.0
20-3 5 3.5 65.0
20-3 5 2.6 63.0
20-3 5 6.1 75.0
20-3 5 3.5 61.0
20-3 5 0.9 52.0
20-3 5 5.2 93.0
20-3 5 2.6 359.0
20-3 5 2.6 72.0
20-3 6 4.3 84.0
20-3 6 2.6 91.0
20-3 6 5.2 81.0
20-3 6 5.2 82.0
20-3 6 1.7 79.0
20-3 6 2.6 81.0
20-3 6 1.7 81.0
20-3 6 1.7 64.0
20-3 6 3.5 56.0
20-3 6 2.6 70.0
20-3 6 1.7 72.0
20-3 6 0.9 90.0
20-3 6 2.6 90.0
20-3 6 1.7 91.0
20-3 6 1.7 90.0
20-3 6 1.7 99.0
20-3 6 2.6 106.0
20-3 6 1.7 100.0
20-3 6 1.7 100.0
20-3 6 0.9 104.0
20-3 6 2.6 359.0
20-3 6 1.7 97.0
20-3 6 1.7 97.0
20-3 6 2.6 359.0
20-3 6 0.9 359.0
20-3 6 1.7 97.0
20-3 6 0.9 97.0
20-3 6 1.7 97.0
20-3 6 1.7 359.0
20-3 6 0.0 99.0
20-3 7 0.9 99.0
20-3 7 0.9 100.0
20-3 7 0.0 105.0
20-3 7 0.9 100.0
20-3 7 0.9 101.0
20-3 7 0.9 101.0
20-3 7 0.9 100.0
20-3 7 0.9 101.0
20-3 7 0.9 101.0
20-3 7 0.9 107.0
20-3 7 1.7 359.0
20-3 7 0.0 102.0
20-3 7 1.7 100.0
20-3 7 1.7 106.0
20-3 7 0.9 359.0
20-3 7 0.9 359.0
20-3 7 0.0 101.0
20-3 7 0.0 100.0
20-3 7 0.0 102.0
20-3 7 0.0 101.0
20-3 7 0.0 101.0
20-3 7 0.9 107.0
20-3 7 0.0 100.0
20-3 7 0.0 101.0
20-3 7 0.0 102.0
20-3 7 0.9 106.0
20-3 7 0.0 359.0
20-3 7 0.0 359.0
20-3 7 0.0 359.0
20-3 7 0.0 108.0
20-3 8 0.0 102.0
20-3 8 0.0 359.0
20-3 8 0.0 359.0
20-3 8 0.0 359.0
20-3 8 0.0 359.0
20-3 8 0.9 100.0
20-3 8 0.0 100.0
20-3 8 0.0 98.0
20-3 8 0.0 106.0
20-3 8 1.7 99.0
20-3 8 1.7 97.0
20-3 8 0.9 104.0
20-3 8 3.5 104.0
20-3 8 0.0 98.0
20-3 8 2.6 95.0
20-3 8 1.7 97.0
20-3 8 2.6 103.0
20-3 8 3.5 50.0
20-3 8 4.3 39.0
20-3 8 3.5 40.0
20-3 8 2.6 41.0
20-3 8 3.5 40.0
20-3 8 4.3 39.0
20-3 8 1.7 52.0
20-3 8 0.9 43.0
20-3 8 4.3 40.0
20-3 8 3.5 54.0
20-3 8 3.5 122.0
20-3 8 0.9 129.0
20-3 8 3.5 109.0
20-3 9 2.6 110.0
20-3 9 2.6 359.0
20-3 9 5.2 91.0
20-3 9 2.6 91.0
20-3 9 4.3 106.0
20-3 9 0.9 131.0
20-3 9 1.7 140.0
20-3 9 3.5 141.0
20-3 9 5.2 158.0
20-3 9 7.0 105.0
20-3 9 4.3 91.0
20-3 9 4.3 114.0
20-3 9 4.3 116.0
20-3 9 5.2 131.0
20-3 9 0.9 141.0
20-3 9 5.2 359.0
20-3 9 6.1 359.0
20-3 9 7.8 359.0
20-3 9 3.5 253.0
20-3 9 6.1 276.0
20-3 9 7.0 359.0
20-3 9 6.1 281.0
20-3 9 5.2 359.0
20-3 9 5.2 359.0
20-3 9 5.2 359.0
20-3 9 4.3 359.0
20-3 9 5.2 319.0
20-3 9 1.7 359.0
20-3 9 2.6 359.0
20-3 9 4.3 311.0
20-3 10 3.5 316.0
20-3 10 2.6 359.0
20-3 10 3.5 359.0
20-3 10 4.3 354.0
20-3 10 3.5 359.0
20-3 10 5.2 354.0
20-3 10 5.2 359.0
20-3 10 3.5 354.0
20-3 10 4.3 359.0
20-3 10 4.3 359.0
20-3 10 3.5 359.0
20-3 10 4.3 4.0
20-3 10 5.2 9.0
20-3 10 4.3 8.0
20-3 10 3.5 332.0
20-3 10 2.6 349.0
20-3 10 1.7 359.0
20-3 10 1.7 8.0
20-3 10 1.7 8.0
20-3 10 0.9 300.0
20-3 10 0.9 127.0
20-3 10 1.7 8.0
20-3 10 4.3 77.0
20-3 10 4.3 359.0
20-3 10 3.5 129.0
20-3 10 8.7 183.0
20-3 10 3.5 122.0
20-3 10 3.5 160.0
20-3 10 10.4 136.0
20-3 10 3.5 154.0
20-3 11 6.1 154.0
20-3 11 4.3 359.0
20-3 11 7.0 166.0
20-3 11 3.5 359.0
20-3 11 3.5 177.0
20-3 11 3.5 171.0
20-3 11 7.0 136.0
20-3 11 5.2 359.0
20-3 11 2.6 158.0
20-3 11 3.5 101.0
20-3 11 8.7 135.0
20-3 11 4.3 120.0
20-3 11 7.0 113.0
20-3 11 3.5 162.0
20-3 11 1.7 125.0
20-3 11 2.6 95.0
20-3 11 3.5 149.0
20-3 11 4.3 359.0
20-3 11 2.6 155.0
20-3 11 7.0 119.0
20-3 11 3.5 154.0
20-3 11 7.8 102.0
20-3 11 6.1 174.0
20-3 11 9.6 147.0
20-3 11 3.5 155.0
20-3 11 6.1 145.0
20-3 11 6.1 118.0
20-3 11 4.3 110.0
20-3 11 4.3 119.0
20-3 11 1.7 131.0
20-3 12 5.2 359.0
20-3 12 2.6 96.0
20-3 12 3.5 151.0
20-3 12 7.0 102.0
20-3 12 6.1 163.0
20-3 12 4.3 153.0
20-3 12 4.3 108.0
20-3 12 7.8 167.0
20-3 12 10.4 154.0
20-3 12 7.8 151.0
20-3 12 4.3 359.0
20-3 12 7.0 180.0
20-3 12 7.0 134.0
20-3 12 12.2 138.0
20-3 12 8.7 101.0
20-3 12 6.1 172.0
20-3 12 7.8 154.0
20-3 12 10.4 177.0
20-3 12 7.8 149.0
20-3 12 6.1 170.0
20-3 12 6.1 156.0
20-3 12 5.2 134.0
20-3 12 6.1 195.0
20-3 12 9.6 120.0
20-3 12 5.2 89.0
20-3 12 3.5 159.0
20-3 12 6.1 154.0
20-3 12 11.3 152.0
20-3 12 4.3 206.0
20-3 12 3.5 139.0
20-3 13 3.5 145.0
20-3 13 6.1 192.0
20-3 13 7.0 124.0
20-3 13 4.3 162.0
20-3 13 3.5 139.0
20-3 13 8.7 125.0
20-3 13 3.5 163.0
20-3 13 7.8 159.0
20-3 13 4.3 164.0
20-3 13 7.0 154.0
20-3 13 11.3 114.0
20-3 13 3.5 110.0
20-3 13 0.0 195.0
20-3 13 6.1 132.0
20-3 13 9.6 122.0
20-3 13 7.0 122.0
20-3 13 5.2 172.0
20-3 13 8.7 125.0
20-3 13 3.5 116.0
20-3 13 5.2 134.0
20-3 13 4.3 114.0
20-3 13 8.7 107.0
20-3 13 7.0 138.0
20-3 13 4.3 122.0
20-3 13 5.2 99.0
20-3 13 4.3 125.0
20-3 13 7.8 114.0
20-3 13 8.7 116.0
20-3 13 6.1 116.0
20-3 13 7.8 107.0
20-3 14 8.7 108.0
20-3 14 8.7 149.0
20-3 14 0.0 104.0
20-3 14 4.3 147.0
20-3 14 4.3 139.0
20-3 14 3.5 115.0
20-3 14 7.8 140.0
20-3 14 7.0 146.0
20-3 14 4.3 125.0
20-3 14 2.6 100.0
20-3 14 6.1 125.0
20-3 14 0.0 102.0
20-3 14 3.5 141.0
20-3 14 0.9 133.0
20-3 14 5.2 155.0
20-3 14 8.7 100.0
20-3 14 7.8 167.0
20-3 14 4.3 99.0
20-3 14 2.6 162.0
20-3 14 4.3 113.0
20-3 14 4.3 165.0
20-3 14 6.1 162.0
20-3 14 5.2 135.0
20-3 14 5.2 159.0
20-3 14 6.1 184.0
20-3 14 3.5 161.0
20-3 14 3.5 144.0
20-3 14 8.7 118.0
20-3 14 4.3 158.0
20-3 14 0.9 181.0
20-3 15 6.1 139.0
20-3 15 2.6 154.0
20-3 15 6.1 123.0
20-3 15 11.3 114.0
20-3 15 1.7 135.0
20-3 15 8.7 110.0
20-3 15 5.2 127.0
20-3 15 2.6 187.0
20-3 15 5.2 125.0
20-3 15 7.0 91.0
20-3 15 3.5 167.0
20-3 15 0.9 93.0
20-3 15 6.1 111.0
20-3 15 5.2 129.0
20-3 15 4.3 125.0
20-3 15 2.6 168.0
20-3 15 4.3 151.0
20-3 15 4.3 129.0
20-3 15 4.3 110.0
20-3 15 3.5 112.0
20-3 15 5.2 139.0
20-3 15 2.6 125.0
20-3 15 7.0 145.0
20-3 15 7.0 152.0
20-3 15 4.3 162.0
20-3 15 8.7 137.0
20-3 15 5.2 135.0
20-3 15 3.5 132.0
20-3 15 3.5 140.0
20-3 15 4.3 135.0
20-3 16 6.1 110.0
20-3 16 6.1 111.0
20-3 16 5.2 143.0
20-3 16 2.6 105.0
20-3 16 7.0 114.0
20-3 16 7.0 152.0
20-3 16 7.0 130.0
20-3 16 7.0 165.0
20-3 16 4.3 131.0
20-3 16 7.8 138.0
20-3 16 1.7 113.0
20-3 16 3.5 135.0
20-3 16 2.6 160.0
20-3 16 2.6 147.0
20-3 16 3.5 162.0
20-3 16 1.7 184.0
20-3 16 6.1 161.0
20-3 16 4.3 172.0
20-3 16 5.2 146.0
20-3 16 3.5 157.0
20-3 16 4.3 183.0
20-3 16 6.1 161.0
20-3 16 3.5 164.0
20-3 16 8.7 138.0
20-3 16 7.0 120.0
20-3 16 8.7 125.0
20-3 16 11.3 106.0
20-3 16 9.6 129.0
20-3 16 2.6 195.0
20-3 16 11.3 148.0
20-3 17 7.8 131.0
20-3 17 7.0 172.0
20-3 17 7.0 156.0
20-3 17 4.3 162.0
20-3 17 6.1 120.0
20-3 17 3.5 127.0
20-3 17 6.1 153.0
20-3 17 4.3 154.0
20-3 17 7.8 144.0
20-3 17 4.3 142.0
20-3 17 0.9 103.0
20-3 17 10.4 145.0
20-3 17 7.8 145.0
20-3 17 5.2 172.0
20-3 17 9.6 150.0
20-3 17 3.5 122.0
20-3 17 4.3 166.0
20-3 17 4.3 167.0
20-3 17 5.2 186.0
20-3 17 5.2 170.0
20-3 17 7.8 153.0
20-3 17 2.6 171.0
20-3 17 4.3 160.0
20-3 17 10.4 131.0
20-3 17 3.5 177.0
20-3 17 7.8 168.0
20-3 17 3.5 165.0
20-3 17 7.8 154.0
20-3 17 7.0 157.0
20-3 17 3.5 158.0
20-3 18 7.8 139.0
20-3 18 5.2 163.0
20-3 18 4.3 169.0
20-3 18 2.6 173.0
20-3 18 7.0 117.0
20-3 18 5.2 160.0
20-3 18 7.0 123.0
20-3 18 3.5 149.0
20-3 18 6.1 139.0
20-3 18 3.5 178.0
20-3 18 2.6 144.0
20-3 18 4.3 168.0
20-3 18 0.9 149.0
20-3 18 1.7 174.0
20-3 18 0.0 148.0
20-3 18 4.3 161.0
20-3 18 1.7 151.0
20-3 18 0.0 152.0
20-3 18 0.9 141.0
20-3 18 0.9 94.0
20-3 18 2.6 189.0
20-3 18 3.5 106.0
20-3 18 0.0 139.0
20-3 18 2.6 136.0
20-3 18 3.5 108.0
20-3 18 2.6 116.0
20-3 18 1.7 125.0
20-3 18 0.9 116.0
20-3 18 0.9 114.0
20-3 18 0.9 181.0
20-3 19 1.7 126.0
20-3 19 0.9 149.0
20-3 19 1.7 132.0
20-3 19 1.7 95.0
20-3 19 0.9 99.0
20-3 19 4.3 97.0
20-3 19 5.2 89.0
20-3 19 6.1 89.0
20-3 19 2.6 81.0
20-3 19 2.6 79.0
20-3 19 6.1 82.0
20-3 19 2.6 81.0
20-3 19 5.2 86.0
20-3 19 3.5 359.0
20-3 19 4.3 82.0
20-3 19 4.3 93.0
20-3 19 4.3 95.0
20-3 19 4.3 91.0
20-3 19 5.2 92.0
20-3 19 4.3 90.0
20-3 19 6.1 95.0
20-3 19 2.6 102.0
20-3 19 2.6 123.0
20-3 19 3.5 106.0
20-3 19 4.3 106.0
20-3 19 3.5 115.0
20-3 19 4.3 112.0
20-3 19 3.5 111.0
20-3 19 3.5 102.0
20-3 19 4.3 108.0
20-3 20 4.3 122.0
20-3 20 6.1 127.0
20-3 20 7.8 112.0
20-3 20 3.5 134.0
20-3 20 5.2 140.0
20-3 20 1.7 359.0
20-3 20 0.9 170.0
20-3 20 3.5 359.0
20-3 20 1.7 110.0
20-3 20 2.6 131.0
20-3 20 4.3 359.0
20-3 20 3.5 359.0
20-3 20 2.6 99.0
20-3 20 1.7 117.0
20-3 20 2.6 359.0
20-3 20 2.6 111.0
20-3 20 1.7 110.0
20-3 20 1.7 119.0
20-3 20 0.9 359.0
20-3 20 0.9 106.0
20-3 20 2.6 106.0
20-3 20 1.7 359.0
20-3 20 1.7 106.0
20-3 20 2.6 108.0
20-3 20 0.9 118.0
20-3 20 1.7 359.0
20-3 20 2.6 55.0
20-3 20 2.6 56.0
20-3 20 7.0 15.0
20-3 20 6.1 4.0
20-3 21 5.2 8.0
20-3 21 4.3 8.0
20-3 21 5.2 4.0
20-3 21 5.2 8.0
20-3 21 5.2 354.0
20-3 21 4.3 10.0
20-3 21 5.2 17.0
20-3 21 4.3 21.0
20-3 21 4.3 4.0
20-3 21 5.2 14.0
20-3 21 3.5 14.0
20-3 21 2.6 14.0
20-3 21 2.6 23.0
20-3 21 0.9 22.0
20-3 21 0.9 23.0
20-3 21 0.9 25.0
20-3 21 0.9 23.0
20-3 21 0.9 24.0
20-3 21 0.9 27.0
20-3 21 0.0 28.0
20-3 21 0.0 30.0
20-3 21 2.6 29.0
20-3 21 2.6 29.0
20-3 21 0.9 27.0
20-3 21 0.9 28.0
20-3 21 0.0 28.0
20-3 21 0.0 29.0
20-3 21 1.7 28.0
20-3 21 0.9 28.0
20-3 21 0.0 27.0
20-3 22 0.0 30.0
20-3 22 0.9 28.0
20-3 22 0.0 27.0
20-3 22 0.0 30.0
20-3 22 0.0 28.0
20-3 22 0.0 28.0
20-3 22 0.9 29.0
20-3 22 0.9 29.0
20-3 22 0.0 28.0
20-3 22 0.0 28.0
20-3 22 0.9 28.0
20-3 22 0.9 27.0
20-3 22 0.0 30.0
20-3 22 0.0 29.0
20-3 22 0.0 29.0
20-3 22 0.0 28.0
20-3 22 0.0 29.0
20-3 22 0.0 29.0
20-3 22 0.0 29.0
20-3 22 0.9 28.0
20-3 22 0.0 29.0
20-3 22 0.9 28.0
20-3 22 0.9 28.0
20-3 22 0.0 27.0
20-3 22 0.0 28.0
20-3 22 0.0 28.0
20-3 22 1.7 30.0
20-3 22 1.7 28.0
20-3 22 1.7 29.0
20-3 22 0.9 29.0
20-3 23 1.7 29.0
20-3 23 0.9 29.0
20-3 23 1.7 29.0
20-3 23 1.7 30.0
20-3 23 0.9 28.0
20-3 23 0.9 30.0
20-3 23 0.9 28.0
20-3 23 0.0 28.0
20-3 23 0.0 30.0
20-3 23 0.9 29.0
20-3 23 1.7 28.0
20-3 23 1.7 28.0
20-3 23 0.9 29.0
20-3 23 1.7 30.0
20-3 23 0.9 31.0
20-3 23 1.7 28.0
20-3 23 0.9 31.0
20-3 23 2.6 29.0
20-3 23 1.7 29.0
20-3 23 0.9 29.0
20-3 23 1.7 29.0
20-3 23 0.9 28.0
20-3 23 0.0 29.0
20-3 23 0.9 28.0
20-3 23 0.9 29.0
20-3 23 0.9 30.0
20-3 23 0.0 28.0
20-3 23 0.9 30.0
20-3 23 0.9 29.0
20-3 23 0.9 28.0
