20-4 5 10.4 359.0
20-4 5 13.0 302.0
20-4 5 13.0 326.0
20-4 5 13.9 359.0
20-4 5 12.2 359.0
20-4 5 13.0 301.0
20-4 5 8.7 341.0
20-4 5 13.0 359.0
20-4 5 13.0 336.0
20-4 5 11.3 359.0
20-4 5 13.0 322.0
20-4 5 11.3 359.0
20-4 5 12.2 359.0
20-4 5 10.4 17.0
20-4 5 11.3 359.0
20-4 5 12.2 349.0
20-4 5 19.1 359.0
20-4 5 16.5 359.0
20-4 5 13.0 359.0
20-4 5 16.5 325.0
20-4 5 16.5 341.0
20-4 5 18.2 345.0
20-4 5 14.8 340.0
20-4 5 10.4 350.0
20-4 5 13.9 349.0
20-4 5 14.8 348.0
20-4 5 20.9 359.0
20-4 5 15.6 354.0
20-4 5 12.2 332.0
20-4 5 16.5 331.0
20-4 6 15.6 334.0
20-4 6 16.5 359.0
20-4 6 17.4 359.0
20-4 6 15.6 339.0
20-4 6 18.2 336.0
20-4 6 14.8 4.0
20-4 6 22.6 343.0
20-4 6 18.2 343.0
20-4 6 19.1 359.0
20-4 6 14.8 359.0
20-4 6 20.9 359.0
20-4 6 20.9 359.0
20-4 6 19.1 359.0
20-4 6 17.4 359.0
20-4 6 20.0 332.0
20-4 6 20.9 332.0
20-4 6 17.4 339.0
20-4 6 13.9 336.0
20-4 6 16.5 328.0
20-4 6 13.0 359.0
20-4 6 14.8 359.0
20-4 6 18.2 359.0
20-4 6 15.6 359.0
20-4 6 18.2 359.0
20-4 6 19.1 299.0
20-4 6 13.9 359.0
20-4 6 14.8 359.0
20-4 6 24.3 335.0
20-4 6 15.6 322.0
20-4 6 13.9 323.0
20-4 7 14.8 359.0
20-4 7 14.8 337.0
20-4 7 15.6 338.0
20-4 7 19.1 359.0
20-4 7 13.9 300.0
20-4 7 17.4 316.0
20-4 7 17.4 327.0
20-4 7 12.2 338.0
20-4 7 14.8 359.0
20-4 7 15.6 359.0
20-4 7 16.5 316.0
20-4 7 17.4 336.0
20-4 7 15.6 359.0
20-4 7 16.5 336.0
20-4 7 15.6 359.0
20-4 7 13.9 359.0
20-4 7 13.0 337.0
20-4 7 20.0 310.0
20-4 7 15.6 359.0
20-4 7 18.2 359.0
20-4 7 15.6 331.0
20-4 7 14.8 359.0
20-4 7 15.6 334.0
20-4 7 19.1 359.0
20-4 7 19.1 297.0
20-4 7 20.0 339.0
20-4 7 19.1 23.0
20-4 7 15.6 359.0
20-4 7 15.6 318.0
20-4 7 14.8 326.0
20-4 8 17.4 359.0
20-4 8 13.0 8.0
20-4 8 14.8 341.0
20-4 8 12.2 308.0
20-4 8 18.2 335.0
20-4 8 16.5 359.0
20-4 8 15.6 341.0
20-4 8 16.5 359.0
20-4 8 13.0 359.0
20-4 8 18.2 359.0
20-4 8 16.5 359.0
20-4 8 20.9 342.0
20-4 8 18.2 359.0
20-4 8 13.9 332.0
20-4 8 20.0 350.0
20-4 8 19.1 359.0
20-4 8 19.1 359.0
20-4 8 17.4 340.0
20-4 8 14.8 359.0
20-4 8 15.6 350.0
20-4 8 14.8 8.0
20-4 8 12.2 359.0
20-4 8 15.6 322.0
20-4 8 15.6 347.0
20-4 8 13.9 359.0
20-4 8 17.4 359.0
20-4 8 17.4 303.0
20-4 8 18.2 359.0
20-4 8 15.6 336.0
20-4 8 15.6 11.0
20-4 9 19.1 359.0
20-4 9 10.4 301.0
20-4 9 16.5 18.0
20-4 9 16.5 359.0
20-4 9 14.8 359.0
20-4 9 9.6 314.0
20-4 9 18.2 354.0
20-4 9 19.1 359.0
20-4 9 13.0 298.0
20-4 9 12.2 335.0
20-4 9 16.5 347.0
20-4 9 14.8 341.0
20-4 9 15.6 359.0
20-4 9 18.2 327.0
20-4 9 13.0 359.0
20-4 9 17.4 359.0
20-4 9 16.5 359.0
20-4 9 13.0 334.0
20-4 9 12.2 316.0
20-4 9 18.2 335.0
20-4 9 9.6 359.0
20-4 9 17.4 359.0
20-4 9 15.6 359.0
20-4 9 20.0 317.0
20-4 9 20.9 359.0
20-4 9 18.2 359.0
20-4 9 13.0 10.0
20-4 9 18.2 359.0
20-4 9 22.6 328.0
20-4 9 19.1 359.0
20-4 10 16.5 359.0
20-4 10 13.9 359.0
20-4 10 22.6 334.0
20-4 10 19.1 359.0
20-4 10 13.9 359.0
20-4 10 15.6 359.0
20-4 10 20.0 18.0
20-4 10 14.8 359.0
20-4 10 20.9 350.0
20-4 10 20.9 18.0
20-4 10 18.2 4.0
20-4 10 17.4 359.0
20-4 10 19.1 359.0
20-4 10 19.1 359.0
20-4 10 26.1 331.0
20-4 10 16.5 350.0
20-4 10 19.1 354.0
20-4 10 19.1 359.0
20-4 10 21.7 354.0
20-4 10 19.1 346.0
20-4 10 16.5 339.0
20-4 10 13.9 345.0
20-4 10 18.2 354.0
20-4 10 18.2 338.0
20-4 10 17.4 330.0
20-4 10 23.5 25.0
20-4 10 20.0 346.0
20-4 10 21.7 25.0
20-4 10 23.5 334.0
20-4 10 22.6 350.0
20-4 11 23.5 347.0
20-4 11 26.1 331.0
20-4 11 21.7 314.0
20-4 11 21.7 312.0
20-4 11 22.6 8.0
20-4 11 21.7 350.0
20-4 11 26.1 346.0
20-4 11 23.5 359.0
20-4 11 18.2 312.0
20-4 11 20.0 347.0
20-4 11 20.9 328.0
20-4 11 23.5 324.0
20-4 11 24.3 348.0
20-4 11 20.0 354.0
20-4 11 17.4 359.0
20-4 11 15.6 359.0
20-4 11 13.0 359.0
20-4 11 18.2 359.0
20-4 11 18.2 359.0
20-4 11 22.6 359.0
20-4 11 24.3 350.0
20-4 11 22.6 359.0
20-4 11 19.1 311.0
20-4 11 20.9 359.0
20-4 11 21.7 344.0
20-4 11 21.7 354.0
20-4 11 26.1 354.0
20-4 11 26.9 339.0
20-4 11 26.1 359.0
20-4 11 27.8 354.0
20-4 12 21.7 359.0
20-4 12 20.0 354.0
20-4 12 22.6 359.0
20-4 12 18.2 359.0
20-4 12 18.2 359.0
20-4 12 22.6 317.0
20-4 12 23.5 338.0
20-4 12 22.6 359.0
20-4 12 25.2 359.0
20-4 12 15.6 359.0
20-4 12 18.2 341.0
20-4 12 26.1 10.0
20-4 12 20.0 341.0
20-4 12 23.5 318.0
20-4 12 20.9 359.0
20-4 12 20.0 342.0
20-4 12 19.1 359.0
20-4 12 26.1 359.0
20-4 12 21.7 322.0
20-4 12 21.7 8.0
20-4 12 20.0 359.0
20-4 12 20.0 342.0
20-4 12 18.2 29.0
20-4 12 23.5 318.0
20-4 12 18.2 359.0
20-4 12 23.5 311.0
20-4 12 20.9 339.0
20-4 12 20.0 347.0
20-4 12 15.6 359.0
20-4 12 17.4 359.0
20-4 13 18.2 322.0
20-4 13 20.9 359.0
20-4 13 20.0 359.0
20-4 13 26.1 341.0
20-4 13 26.1 359.0
20-4 13 15.6 359.0
20-4 13 19.1 329.0
20-4 13 24.3 359.0
20-4 13 21.7 317.0
20-4 13 19.1 359.0
20-4 13 26.1 322.0
20-4 13 25.2 322.0
20-4 13 24.3 359.0
20-4 13 12.2 298.0
20-4 13 20.0 316.0
20-4 13 20.0 10.0
20-4 13 21.7 4.0
20-4 13 26.9 323.0
20-4 13 24.3 359.0
20-4 13 17.4 337.0
20-4 13 20.0 345.0
20-4 13 20.0 359.0
20-4 13 25.2 359.0
20-4 13 20.0 312.0
20-4 13 31.3 359.0
20-4 13 21.7 286.0
20-4 13 23.5 312.0
20-4 13 24.3 295.0
20-4 13 28.7 359.0
20-4 13 22.6 9.0
20-4 14 23.5 319.0
20-4 14 26.9 359.0
20-4 14 23.5 359.0
20-4 14 22.6 16.0
20-4 14 30.4 359.0
20-4 14 20.0 359.0
20-4 14 21.7 4.0
20-4 14 22.6 359.0
20-4 14 28.7 324.0
20-4 14 18.2 295.0
20-4 14 22.6 359.0
20-4 14 16.5 289.0
20-4 14 20.9 359.0
20-4 14 19.1 350.0
20-4 14 21.7 341.0
20-4 14 14.8 359.0
20-4 14 20.0 359.0
20-4 14 21.7 327.0
20-4 14 22.6 359.0
20-4 14 25.2 359.0
20-4 14 18.2 312.0
20-4 14 22.6 323.0
20-4 14 21.7 9.0
20-4 14 15.6 359.0
20-4 14 20.0 359.0
20-4 14 21.7 359.0
20-4 14 20.0 291.0
20-4 14 25.2 332.0
20-4 14 25.2 359.0
20-4 14 15.6 283.0
20-4 15 19.1 319.0
20-4 15 20.9 359.0
20-4 15 19.1 302.0
20-4 15 22.6 359.0
20-4 15 15.6 359.0
20-4 15 19.1 311.0
20-4 15 17.4 282.0
20-4 15 29.5 304.0
20-4 15 20.0 331.0
20-4 15 25.2 291.0
20-4 15 18.2 312.0
20-4 15 20.0 301.0
20-4 15 23.5 334.0
20-4 15 27.8 359.0
20-4 15 20.9 359.0
20-4 15 21.7 359.0
20-4 15 20.9 359.0
20-4 15 18.2 359.0
20-4 15 23.5 303.0
20-4 15 20.0 335.0
20-4 15 21.7 333.0
20-4 15 22.6 359.0
20-4 15 19.1 333.0
20-4 15 20.0 345.0
20-4 15 23.5 359.0
20-4 15 15.6 359.0
20-4 15 13.0 326.0
20-4 15 12.2 359.0
20-4 15 16.5 338.0
20-4 15 20.9 314.0
20-4 16 22.6 295.0
20-4 16 18.2 359.0
20-4 16 24.3 359.0
20-4 16 15.6 359.0
20-4 16 20.9 359.0
20-4 16 27.8 354.0
20-4 16 18.2 349.0
20-4 16 14.8 327.0
20-4 16 18.2 359.0
20-4 16 15.6 319.0
20-4 16 16.5 13.0
20-4 16 18.2 342.0
20-4 16 24.3 350.0
20-4 16 21.7 347.0
20-4 16 11.3 359.0
20-4 16 20.0 332.0
20-4 16 21.7 359.0
20-4 16 26.1 359.0
20-4 16 19.1 14.0
20-4 16 19.1 359.0
20-4 16 23.5 337.0
20-4 16 26.1 347.0
20-4 16 17.4 359.0
20-4 16 20.0 359.0
20-4 16 18.2 359.0
20-4 16 23.5 350.0
20-4 16 15.6 359.0
20-4 16 19.1 359.0
20-4 16 15.6 359.0
20-4 16 17.4 359.0
20-4 17 15.6 347.0
20-4 17 20.9 359.0
20-4 17 19.1 359.0
20-4 17 16.5 345.0
20-4 17 26.1 333.0
20-4 17 20.9 359.0
20-4 17 19.1 359.0
20-4 17 21.7 10.0
20-4 17 15.6 359.0
20-4 17 22.6 359.0
20-4 17 19.1 328.0
20-4 17 19.1 344.0
20-4 17 21.7 8.0
20-4 17 16.5 359.0
20-4 17 21.7 359.0
20-4 17 14.8 359.0
20-4 17 15.6 359.0
20-4 17 18.2 359.0
20-4 17 20.9 359.0
20-4 17 23.5 337.0
20-4 17 20.0 359.0
20-4 17 20.0 344.0
20-4 17 20.9 359.0
20-4 17 19.1 359.0
20-4 17 22.6 359.0
20-4 17 26.9 14.0
20-4 17 19.1 359.0
20-4 17 25.2 320.0
20-4 17 20.0 359.0
20-4 17 28.7 359.0
20-4 18 16.5 359.0
20-4 18 21.7 335.0
20-4 18 24.3 322.0
20-4 18 18.2 326.0
20-4 18 33.0 359.0
20-4 18 25.2 359.0
20-4 18 21.7 350.0
20-4 18 22.6 22.0
20-4 18 20.0 359.0
20-4 18 32.2 359.0
20-4 18 26.1 314.0
20-4 18 24.3 359.0
20-4 18 20.9 342.0
20-4 18 30.4 300.0
20-4 18 30.4 359.0
20-4 18 24.3 359.0
20-4 18 26.9 332.0
20-4 18 22.6 359.0
20-4 18 22.6 306.0
20-4 18 18.2 320.0
20-4 18 20.9 359.0
20-4 18 22.6 16.0
20-4 18 23.5 8.0
20-4 18 23.5 359.0
20-4 18 20.0 359.0
20-4 18 20.9 354.0
20-4 18 20.0 359.0
20-4 18 20.0 337.0
20-4 18 12.2 326.0
20-4 18 13.9 354.0
20-4 19 17.4 4.0
20-4 19 21.7 359.0
20-4 19 15.6 359.0
20-4 19 19.1 328.0
20-4 19 13.9 359.0
20-4 19 16.5 349.0
20-4 19 17.4 345.0
20-4 19 19.1 4.0
20-4 19 21.7 347.0
20-4 19 20.9 347.0
20-4 19 20.0 359.0
20-4 19 20.9 11.0
20-4 19 20.9 359.0
20-4 19 17.4 343.0
20-4 19 21.7 359.0
20-4 19 15.6 359.0
20-4 19 20.0 318.0
20-4 19 16.5 359.0
20-4 19 20.0 8.0
20-4 19 18.2 4.0
20-4 19 15.6 359.0
20-4 19 19.1 335.0
20-4 19 16.5 23.0
20-4 19 16.5 326.0
20-4 19 20.0 25.0
20-4 19 20.9 349.0
20-4 19 17.4 359.0
20-4 19 23.5 359.0
20-4 19 18.2 14.0
20-4 19 26.1 8.0
20-4 20 19.1 341.0
20-4 20 18.2 322.0
20-4 20 9.6 359.0
20-4 20 14.8 349.0
20-4 20 14.8 354.0
20-4 20 14.8 359.0
20-4 20 14.8 349.0
20-4 20 16.5 324.0
20-4 20 13.9 359.0
20-4 20 20.0 359.0
20-4 20 17.4 345.0
20-4 20 17.4 359.0
20-4 20 14.8 17.0
20-4 20 16.5 359.0
20-4 20 12.2 337.0
20-4 20 17.4 359.0
20-4 20 16.5 327.0
20-4 20 13.9 359.0
20-4 20 12.2 359.0
20-4 20 16.5 341.0
20-4 20 19.1 344.0
20-4 20 14.8 328.0
20-4 20 15.6 350.0
20-4 20 15.6 347.0
20-4 20 15.6 359.0
20-4 20 15.6 359.0
20-4 20 14.8 341.0
20-4 20 17.4 359.0
20-4 20 13.9 359.0
20-4 20 15.6 4.0
20-4 21 15.6 359.0
20-4 21 16.5 354.0
20-4 21 19.1 15.0
20-4 21 14.8 350.0
20-4 21 13.9 341.0
20-4 21 16.5 359.0
20-4 21 17.4 359.0
20-4 21 15.6 359.0
20-4 21 13.0 14.0
20-4 21 14.8 359.0
20-4 21 16.5 338.0
20-4 21 13.9 345.0
20-4 21 16.5 359.0
20-4 21 13.9 350.0
20-4 21 14.8 359.0
20-4 21 12.2 4.0
20-4 21 13.9 359.0
20-4 21 16.5 340.0
20-4 21 16.5 354.0
20-4 21 15.6 10.0
20-4 21 13.9 4.0
20-4 21 12.2 4.0
20-4 21 11.3 359.0
20-4 21 14.8 11.0
20-4 21 10.4 359.0
20-4 21 10.4 349.0
20-4 21 10.4 348.0
20-4 21 11.3 18.0
20-4 21 8.7 349.0
20-4 21 9.6 21.0
20-4 22 10.4 349.0
20-4 22 10.4 8.0
20-4 22 11.3 359.0
20-4 22 12.2 359.0
20-4 22 11.3 14.0
20-4 22 11.3 12.0
20-4 22 10.4 10.0
20-4 22 13.9 23.0
20-4 22 10.4 4.0
20-4 22 12.2 359.0
20-4 22 14.8 4.0
20-4 22 12.2 359.0
20-4 22 10.4 22.0
20-4 22 12.2 354.0
20-4 22 13.0 4.0
20-4 22 11.3 19.0
20-4 22 6.1 30.0
20-4 22 10.4 12.0
20-4 22 7.8 12.0
20-4 22 8.7 19.0
20-4 22 10.4 359.0
20-4 22 8.7 12.0
20-4 22 13.0 12.0
20-4 22 7.0 4.0
20-4 22 11.3 8.0
20-4 22 7.8 21.0
20-4 22 8.7 14.0
20-4 22 8.7 4.0
20-4 22 9.6 4.0
20-4 22 7.8 359.0
20-4 23 9.6 354.0
20-4 23 9.6 4.0
20-4 23 11.3 359.0
20-4 23 7.0 8.0
20-4 23 6.1 4.0
20-4 23 10.4 359.0
20-4 23 7.8 354.0
20-4 23 7.0 4.0
20-4 23 8.7 312.0
20-4 23 7.0 350.0
20-4 23 7.0 4.0
20-4 23 9.6 359.0
20-4 23 9.6 15.0
20-4 23 6.1 359.0
20-4 23 6.1 4.0
20-4 23 7.0 347.0
20-4 23 7.8 354.0
20-4 23 7.8 359.0
20-4 23 10.4 359.0
20-4 23 7.8 340.0
20-4 23 7.8 359.0
20-4 23 8.7 10.0
20-4 23 7.0 348.0
20-4 23 8.7 4.0
20-4 23 9.6 349.0
20-4 23 9.6 4.0
20-4 23 13.0 349.0
20-4 23 8.7 359.0
20-4 23 7.0 354.0
20-4 23 7.0 359.0
