21-3 4 0.0 105.0
21-3 4 2.6 359.0
21-3 4 1.7 359.0
21-3 4 1.7 106.0
21-3 4 2.6 98.0
21-3 4 2.6 97.0
21-3 4 2.6 100.0
21-3 4 2.6 99.0
21-3 4 2.6 359.0
21-3 4 1.7 105.0
21-3 4 2.6 99.0
21-3 4 2.6 98.0
21-3 4 1.7 98.0
21-3 4 1.7 97.0
21-3 4 1.7 104.0
21-3 4 0.9 96.0
21-3 4 2.6 104.0
21-3 4 2.6 359.0
21-3 4 2.6 100.0
21-3 4 1.7 96.0
21-3 4 2.6 97.0
21-3 4 2.6 359.0
21-3 4 2.6 104.0
21-3 4 1.7 97.0
21-3 4 0.9 96.0
21-3 4 1.7 103.0
21-3 4 1.7 102.0
21-3 4 0.0 104.0
21-3 4 2.6 97.0
21-3 5 1.7 359.0
21-3 5 0.0 96.0
21-3 5 0.9 359.0
21-3 5 0.0 93.0
21-3 5 0.0 93.0
21-3 5 1.7 93.0
21-3 5 1.7 98.0
21-3 5 1.7 93.0
21-3 5 0.9 96.0
21-3 5 2.6 93.0
21-3 5 2.6 95.0
21-3 5 1.7 93.0
21-3 5 1.7 93.0
21-3 5 2.6 95.0
21-3 5 1.7 359.0
21-3 5 2.6 98.0
21-3 5 2.6 100.0
21-3 5 1.7 93.0
21-3 5 2.6 97.0
21-3 5 1.7 89.0
21-3 5 1.7 91.0
21-3 5 1.7 359.0
21-3 5 0.9 89.0
21-3 5 1.7 359.0
21-3 5 0.9 92.0
21-3 5 1.7 98.0
21-3 5 1.7 89.0
21-3 5 1.7 89.0
21-3 5 2.6 91.0
21-3 5 1.7 91.0
21-3 6 2.6 95.0
21-3 6 1.7 90.0
21-3 6 1.7 97.0
21-3 6 1.7 92.0
21-3 6 1.7 89.0
21-3 6 1.7 89.0
21-3 6 2.6 91.0
21-3 6 2.6 359.0
21-3 6 4.3 93.0
21-3 6 2.6 359.0
21-3 6 1.7 91.0
21-3 6 2.6 91.0
21-3 6 4.3 91.0
21-3 6 2.6 92.0
21-3 6 3.5 359.0
21-3 6 2.6 359.0
21-3 6 0.9 91.0
21-3 6 1.7 91.0
21-3 6 1.7 91.0
21-3 6 1.7 91.0
21-3 6 2.6 91.0
21-3 6 1.7 98.0
21-3 6 1.7 91.0
21-3 6 1.7 359.0
21-3 6 2.6 97.0
21-3 6 1.7 93.0
21-3 6 1.7 98.0
21-3 6 1.7 359.0
21-3 6 2.6 359.0
21-3 6 1.7 91.0
21-3 7 1.7 90.0
21-3 7 0.9 91.0
21-3 7 0.9 90.0
21-3 7 0.9 97.0
21-3 7 1.7 88.0
21-3 7 0.9 90.0
21-3 7 1.7 92.0
21-3 7 1.7 94.0
21-3 7 1.7 91.0
21-3 7 2.6 97.0
21-3 7 2.6 90.0
21-3 7 2.6 359.0
21-3 7 1.7 91.0
21-3 7 3.5 359.0
21-3 7 2.6 359.0
21-3 7 2.6 359.0
21-3 7 2.6 123.0
21-3 7 0.9 124.0
21-3 7 3.5 119.0
21-3 7 0.9 359.0
21-3 7 0.9 359.0
21-3 7 0.0 120.0
21-3 7 1.7 122.0
21-3 7 0.9 120.0
21-3 7 0.9 359.0
21-3 7 0.0 121.0
21-3 7 1.7 123.0
21-3 7 0.9 123.0
21-3 7 0.0 359.0
21-3 7 2.6 124.0
21-3 8 0.9 122.0
21-3 8 0.9 359.0
21-3 8 2.6 359.0
21-3 8 2.6 52.0
21-3 8 2.6 57.0
21-3 8 0.9 55.0
21-3 8 2.6 56.0
21-3 8 2.6 54.0
21-3 8 1.7 79.0
21-3 8 2.6 72.0
21-3 8 2.6 359.0
21-3 8 2.6 359.0
21-3 8 1.7 73.0
21-3 8 0.9 75.0
21-3 8 0.9 75.0
21-3 8 0.0 75.0
21-3 8 0.9 359.0
21-3 8 0.0 75.0
21-3 8 0.0 79.0
21-3 8 0.0 74.0
21-3 8 0.0 75.0
21-3 8 0.0 75.0
21-3 8 0.0 73.0
21-3 8 0.0 73.0
21-3 8 0.0 73.0
21-3 8 0.0 74.0
21-3 8 0.0 72.0
21-3 8 0.0 71.0
21-3 8 0.0 77.0
21-3 8 0.0 77.0
21-3 9 0.0 72.0
21-3 9 0.0 72.0
21-3 9 0.0 75.0
21-3 9 0.0 73.0
21-3 9 0.0 74.0
21-3 9 0.0 74.0
21-3 9 0.0 75.0
21-3 9 0.0 73.0
21-3 9 0.0 73.0
21-3 9 0.0 74.0
21-3 9 0.0 73.0
21-3 9 0.0 73.0
21-3 9 0.0 73.0
21-3 9 0.0 73.0
21-3 9 0.0 73.0
21-3 9 0.0 73.0
21-3 9 0.0 73.0
21-3 9 0.0 74.0
21-3 9 2.6 163.0
21-3 9 1.7 359.0
21-3 9 1.7 162.0
21-3 9 0.9 163.0
21-3 9 1.7 219.0
21-3 9 2.6 219.0
21-3 9 2.6 219.0
21-3 9 2.6 219.0
21-3 9 2.6 221.0
21-3 9 2.6 222.0
21-3 9 2.6 222.0
21-3 9 1.7 359.0
21-3 10 1.7 220.0
21-3 10 1.7 359.0
21-3 10 1.7 359.0
21-3 10 1.7 220.0
21-3 10 1.7 220.0
21-3 10 3.5 221.0
21-3 10 2.6 220.0
21-3 10 2.6 219.0
21-3 10 2.6 219.0
21-3 10 0.9 218.0
21-3 10 1.7 359.0
21-3 10 0.9 220.0
21-3 10 1.7 359.0
21-3 10 0.9 222.0
21-3 10 2.6 219.0
21-3 10 2.6 219.0
21-3 10 0.9 220.0
21-3 10 1.7 222.0
21-3 10 0.9 359.0
21-3 10 1.7 220.0
21-3 10 0.9 359.0
21-3 10 2.6 222.0
21-3 10 1.7 220.0
21-3 10 2.6 220.0
21-3 10 1.7 221.0
21-3 10 2.6 359.0
21-3 10 2.6 221.0
21-3 10 1.7 221.0
21-3 10 0.9 219.0
21-3 10 2.6 359.0
21-3 11 1.7 220.0
21-3 11 1.7 222.0
21-3 11 1.7 220.0
21-3 11 0.9 219.0
21-3 11 2.6 220.0
21-3 11 1.7 359.0
21-3 11 2.6 220.0
21-3 11 2.6 219.0
21-3 11 2.6 221.0
21-3 11 0.9 359.0
21-3 11 2.6 220.0
21-3 11 4.3 220.0
21-3 11 3.5 220.0
21-3 11 2.6 220.0
21-3 11 2.6 220.0
21-3 11 2.6 220.0
21-3 11 3.5 220.0
21-3 11 3.5 233.0
21-3 11 5.2 239.0
21-3 11 4.3 359.0
21-3 11 4.3 359.0
21-3 11 5.2 256.0
21-3 11 4.3 253.0
21-3 11 3.5 249.0
21-3 11 5.2 359.0
21-3 11 4.3 359.0
21-3 11 4.3 247.0
21-3 11 6.1 243.0
21-3 11 4.3 247.0
21-3 11 5.2 226.0
21-3 12 4.3 359.0
21-3 12 5.2 359.0
21-3 12 5.2 359.0
21-3 12 3.5 240.0
21-3 12 6.1 236.0
21-3 12 6.1 226.0
21-3 12 4.3 239.0
21-3 12 4.3 359.0
21-3 12 4.3 271.0
21-3 12 4.3 256.0
21-3 12 4.3 256.0
21-3 12 4.3 359.0
21-3 12 3.5 264.0
21-3 12 3.5 254.0
21-3 12 6.1 254.0
21-3 12 4.3 264.0
21-3 12 5.2 248.0
21-3 12 4.3 269.0
21-3 12 6.1 359.0
21-3 12 4.3 359.0
21-3 12 5.2 359.0
21-3 12 4.3 359.0
21-3 12 5.2 359.0
21-3 12 5.2 263.0
21-3 12 6.1 359.0
21-3 12 4.3 359.0
21-3 12 4.3 282.0
21-3 12 3.5 359.0
21-3 12 4.3 273.0
21-3 13 5.2 359.0
21-3 13 5.2 359.0
21-3 13 2.6 274.0
21-3 13 7.0 359.0
21-3 13 4.3 359.0
21-3 13 5.2 285.0
21-3 13 7.0 359.0
21-3 13 7.8 245.0
21-3 13 3.5 267.0
21-3 13 7.0 359.0
21-3 13 5.2 254.0
21-3 13 7.0 256.0
21-3 13 7.8 248.0
21-3 13 9.6 235.0
21-3 13 7.8 254.0
21-3 13 7.8 278.0
21-3 13 7.0 256.0
21-3 13 6.1 243.0
21-3 13 5.2 241.0
21-3 13 5.2 260.0
21-3 13 7.8 239.0
21-3 13 5.2 247.0
21-3 13 7.0 262.0
21-3 13 7.0 359.0
21-3 13 5.2 252.0
21-3 13 5.2 258.0
21-3 13 7.0 265.0
21-3 13 6.1 359.0
21-3 13 8.7 359.0
21-3 13 7.0 241.0
21-3 14 4.3 246.0
21-3 14 7.0 250.0
21-3 14 5.2 359.0
21-3 14 9.6 253.0
21-3 14 7.0 244.0
21-3 14 6.1 247.0
21-3 14 9.6 256.0
21-3 14 8.7 262.0
21-3 14 7.0 359.0
21-3 14 6.1 247.0
21-3 14 7.0 231.0
21-3 14 8.7 259.0
21-3 14 7.0 359.0
21-3 14 7.8 247.0
21-3 14 5.2 359.0
21-3 14 10.4 266.0
21-3 14 7.0 259.0
21-3 14 9.6 359.0
21-3 14 8.7 231.0
21-3 14 7.0 359.0
21-3 14 10.4 253.0
21-3 14 9.6 359.0
21-3 14 12.2 266.0
21-3 14 9.6 239.0
21-3 14 7.8 359.0
21-3 14 10.4 359.0
21-3 14 6.1 359.0
21-3 14 9.6 359.0
21-3 14 9.6 253.0
21-3 14 8.7 258.0
21-3 15 8.7 359.0
21-3 15 7.0 270.0
21-3 15 7.8 249.0
21-3 15 9.6 258.0
21-3 15 9.6 359.0
21-3 15 11.3 280.0
21-3 15 9.6 263.0
21-3 15 8.7 359.0
21-3 15 7.8 359.0
21-3 15 10.4 258.0
21-3 15 4.3 260.0
21-3 15 8.7 253.0
21-3 15 11.3 359.0
21-3 15 8.7 255.0
21-3 15 7.8 249.0
21-3 15 10.4 244.0
21-3 15 9.6 262.0
21-3 15 8.7 359.0
21-3 15 9.6 359.0
21-3 15 7.8 359.0
21-3 15 7.0 359.0
21-3 15 11.3 269.0
21-3 15 12.2 359.0
21-3 15 12.2 228.0
21-3 15 8.7 260.0
21-3 15 8.7 253.0
21-3 15 11.3 264.0
21-3 15 7.8 243.0
21-3 15 10.4 359.0
21-3 15 10.4 244.0
21-3 16 6.1 241.0
21-3 16 7.8 249.0
21-3 16 5.2 359.0
21-3 16 7.8 249.0
21-3 16 11.3 242.0
21-3 16 7.8 359.0
21-3 16 7.0 359.0
21-3 16 7.0 359.0
21-3 16 6.1 228.0
21-3 16 6.1 359.0
21-3 16 6.1 251.0
21-3 16 5.2 262.0
21-3 16 8.7 359.0
21-3 16 7.8 239.0
21-3 16 7.0 239.0
21-3 16 10.4 359.0
21-3 16 7.8 359.0
21-3 16 7.0 359.0
21-3 16 7.0 250.0
21-3 16 8.7 260.0
21-3 16 7.8 243.0
21-3 16 6.1 247.0
21-3 16 8.7 248.0
21-3 16 7.0 243.0
21-3 16 6.1 256.0
21-3 16 8.7 359.0
21-3 16 8.7 243.0
21-3 16 8.7 255.0
21-3 16 7.0 216.0
21-3 16 9.6 248.0
21-3 17 7.8 359.0
21-3 17 8.7 223.0
21-3 17 7.8 262.0
21-3 17 6.1 241.0
21-3 17 6.1 249.0
21-3 17 9.6 238.0
21-3 17 4.3 241.0
21-3 17 7.0 359.0
21-3 17 6.1 359.0
21-3 17 7.8 251.0
21-3 17 5.2 359.0
21-3 17 9.6 359.0
21-3 17 7.0 257.0
21-3 17 7.0 229.0
21-3 17 9.6 253.0
21-3 17 5.2 359.0
21-3 17 9.6 248.0
21-3 17 6.1 359.0
21-3 17 9.6 283.0
21-3 17 9.6 245.0
21-3 17 13.0 359.0
21-3 17 7.8 359.0
21-3 17 7.8 255.0
21-3 17 10.4 359.0
21-3 17 9.6 232.0
21-3 17 7.8 252.0
21-3 17 7.8 256.0
21-3 17 8.7 248.0
21-3 17 7.0 359.0
21-3 17 10.4 266.0
21-3 18 4.3 251.0
21-3 18 6.1 359.0
21-3 18 8.7 359.0
21-3 18 8.7 246.0
21-3 18 9.6 359.0
21-3 18 8.7 264.0
21-3 18 6.1 258.0
21-3 18 7.8 268.0
21-3 18 7.8 264.0
21-3 18 4.3 242.0
21-3 18 6.1 359.0
21-3 18 7.8 242.0
21-3 18 4.3 220.0
21-3 18 4.3 234.0
21-3 18 2.6 240.0
21-3 18 5.2 359.0
21-3 18 7.0 239.0
21-3 18 3.5 242.0
21-3 18 5.2 226.0
21-3 18 7.0 251.0
21-3 18 4.3 241.0
21-3 18 8.7 217.0
21-3 18 6.1 231.0
21-3 18 6.1 235.0
21-3 18 9.6 228.0
21-3 18 7.0 249.0
21-3 18 5.2 239.0
21-3 18 9.6 359.0
21-3 18 6.1 247.0
21-3 18 8.7 359.0
21-3 19 9.6 256.0
21-3 19 7.0 226.0
21-3 19 7.8 241.0
21-3 19 7.8 359.0
21-3 19 7.8 254.0
21-3 19 6.1 359.0
21-3 19 6.1 241.0
21-3 19 7.8 244.0
21-3 19 5.2 236.0
21-3 19 4.3 359.0
21-3 19 6.1 256.0
21-3 19 4.3 359.0
21-3 19 7.0 240.0
21-3 19 8.7 260.0
21-3 19 8.7 359.0
21-3 19 10.4 256.0
21-3 19 8.7 359.0
21-3 19 7.0 260.0
21-3 19 6.1 238.0
21-3 19 7.0 262.0
21-3 19 6.1 245.0
21-3 19 7.0 242.0
21-3 19 4.3 253.0
21-3 19 3.5 256.0
21-3 19 2.6 359.0
21-3 19 5.2 239.0
21-3 19 3.5 258.0
21-3 19 5.2 238.0
21-3 19 7.8 359.0
21-3 19 8.7 251.0
21-3 20 7.8 237.0
21-3 20 7.0 359.0
21-3 20 5.2 243.0
21-3 20 4.3 261.0
21-3 20 7.0 271.0
21-3 20 4.3 257.0
21-3 20 7.8 253.0
21-3 20 6.1 250.0
21-3 20 7.8 276.0
21-3 20 9.6 262.0
21-3 20 5.2 235.0
21-3 20 10.4 272.0
21-3 20 7.0 259.0
21-3 20 6.1 359.0
21-3 20 8.7 359.0
21-3 20 7.8 281.0
21-3 20 8.7 359.0
21-3 20 8.7 359.0
21-3 20 7.8 285.0
21-3 20 8.7 265.0
21-3 20 11.3 275.0
21-3 20 8.7 274.0
21-3 20 11.3 289.0
21-3 20 10.4 270.0
21-3 20 10.4 260.0
21-3 20 8.7 359.0
21-3 20 7.0 264.0
21-3 20 8.7 359.0
21-3 20 7.8 281.0
21-3 20 8.7 291.0
21-3 21 7.0 285.0
21-3 21 8.7 292.0
21-3 21 8.7 278.0
21-3 21 9.6 283.0
21-3 21 9.6 359.0
21-3 21 7.8 292.0
21-3 21 7.0 290.0
21-3 21 7.8 302.0
21-3 21 8.7 359.0
21-3 21 7.8 278.0
21-3 21 9.6 281.0
21-3 21 8.7 257.0
21-3 21 7.0 359.0
21-3 21 8.7 359.0
21-3 21 7.8 285.0
21-3 21 7.0 359.0
21-3 21 7.0 283.0
21-3 21 6.1 359.0
21-3 21 6.1 285.0
21-3 21 7.0 290.0
21-3 21 6.1 285.0
21-3 21 4.3 270.0
21-3 21 6.1 359.0
21-3 21 6.1 359.0
21-3 21 6.1 359.0
21-3 21 5.2 284.0
21-3 21 3.5 359.0
21-3 21 5.2 359.0
21-3 21 2.6 359.0
21-3 21 3.5 280.0
21-3 22 3.5 290.0
21-3 22 3.5 359.0
21-3 22 2.6 286.0
21-3 22 2.6 287.0
21-3 22 2.6 268.0
21-3 22 0.9 280.0
21-3 22 1.7 359.0
21-3 22 0.9 359.0
21-3 22 0.9 287.0
21-3 22 0.0 297.0
21-3 22 0.0 296.0
21-3 22 0.9 359.0
21-3 22 0.0 298.0
21-3 22 0.0 359.0
21-3 22 0.0 359.0
21-3 22 0.0 299.0
21-3 22 0.9 297.0
21-3 22 0.9 299.0
21-3 22 0.0 359.0
21-3 22 0.0 297.0
21-3 22 0.9 296.0
21-3 22 1.7 359.0
21-3 22 0.9 246.0
21-3 22 0.9 245.0
21-3 22 2.6 249.0
21-3 22 0.9 359.0
21-3 22 0.9 246.0
21-3 22 0.9 359.0
21-3 22 0.0 248.0
21-3 22 0.9 251.0
21-3 23 1.7 249.0
21-3 23 1.7 359.0
21-3 23 1.7 246.0
21-3 23 0.9 246.0
21-3 23 0.9 245.0
21-3 23 0.9 246.0
21-3 23 0.0 250.0
21-3 23 0.0 359.0
21-3 23 0.0 359.0
21-3 23 0.0 249.0
21-3 23 0.9 247.0
21-3 23 0.9 246.0
21-3 23 1.7 245.0
21-3 23 4.3 166.0
21-3 23 6.1 117.0
21-3 23 6.1 113.0
21-3 23 4.3 109.0
21-3 23 3.5 359.0
21-3 23 0.0 116.0
21-3 23 1.7 112.0
21-3 23 0.9 112.0
21-3 23 1.7 359.0
21-3 23 0.0 113.0
21-3 23 1.7 111.0
21-3 23 1.7 111.0
21-3 23 1.7 359.0
21-3 23 1.7 113.0
21-3 23 1.7 115.0
21-3 23 1.7 359.0
21-3 23 2.6 114.0
