21-4 5 0.0 43.0
21-4 5 0.9 43.0
21-4 5 0.9 47.0
21-4 5 2.6 41.0
21-4 5 3.5 43.0
21-4 5 2.6 45.0
21-4 5 1.7 45.0
21-4 5 1.7 48.0
21-4 5 2.6 45.0
21-4 5 1.7 44.0
21-4 5 2.6 52.0
21-4 5 1.7 45.0
21-4 5 3.5 51.0
21-4 5 0.9 52.0
21-4 5 1.7 43.0
21-4 5 2.6 42.0
21-4 5 4.3 45.0
21-4 5 3.5 46.0
21-4 5 2.6 45.0
21-4 5 1.7 43.0
21-4 5 3.5 43.0
21-4 5 3.5 45.0
21-4 5 3.5 42.0
21-4 5 4.3 41.0
21-4 5 4.3 45.0
21-4 5 4.3 47.0
21-4 5 3.5 45.0
21-4 5 3.5 45.0
21-4 5 2.6 43.0
21-4 5 3.5 54.0
21-4 6 2.6 359.0
21-4 6 3.5 45.0
21-4 6 3.5 48.0
21-4 6 3.5 45.0
21-4 6 3.5 53.0
21-4 6 2.6 46.0
21-4 6 3.5 46.0
21-4 6 3.5 45.0
21-4 6 2.6 45.0
21-4 6 2.6 52.0
21-4 6 2.6 53.0
21-4 6 2.6 48.0
21-4 6 0.9 52.0
21-4 6 0.9 45.0
21-4 6 1.7 45.0
21-4 6 0.9 359.0
21-4 6 0.0 45.0
21-4 6 0.9 45.0
21-4 6 0.9 45.0
21-4 6 1.7 45.0
21-4 6 0.9 45.0
21-4 6 0.9 45.0
21-4 6 0.0 48.0
21-4 6 2.6 46.0
21-4 6 0.9 44.0
21-4 6 1.7 54.0
21-4 6 1.7 42.0
21-4 6 0.9 41.0
21-4 6 2.6 45.0
21-4 6 0.9 45.0
21-4 7 0.9 45.0
21-4 7 0.9 47.0
21-4 7 0.0 54.0
21-4 7 0.0 45.0
21-4 7 0.9 50.0
21-4 7 3.5 42.0
21-4 7 0.9 46.0
21-4 7 2.6 43.0
21-4 7 0.9 48.0
21-4 7 0.9 46.0
21-4 7 1.7 45.0
21-4 7 1.7 49.0
21-4 7 0.0 45.0
21-4 7 1.7 46.0
21-4 7 1.7 45.0
21-4 7 1.7 45.0
21-4 7 0.9 48.0
21-4 7 1.7 49.0
21-4 7 1.7 52.0
21-4 7 2.6 52.0
21-4 7 2.6 50.0
21-4 7 1.7 52.0
21-4 7 3.5 50.0
21-4 7 1.7 50.0
21-4 7 1.7 50.0
21-4 7 2.6 49.0
21-4 7 2.6 49.0
21-4 7 3.5 45.0
21-4 7 2.6 49.0
21-4 7 3.5 45.0
21-4 8 0.9 43.0
21-4 8 1.7 48.0
21-4 8 2.6 50.0
21-4 8 2.6 48.0
21-4 8 2.6 45.0
21-4 8 1.7 50.0
21-4 8 1.7 46.0
21-4 8 0.9 50.0
21-4 8 1.7 45.0
21-4 8 3.5 49.0
21-4 8 2.6 47.0
21-4 8 0.9 46.0
21-4 8 1.7 48.0
21-4 8 0.9 46.0
21-4 8 0.0 46.0
21-4 8 0.9 47.0
21-4 8 1.7 49.0
21-4 8 0.9 50.0
21-4 8 0.0 47.0
21-4 8 1.7 49.0
21-4 8 1.7 48.0
21-4 8 1.7 49.0
21-4 8 1.7 50.0
21-4 8 0.9 47.0
21-4 8 0.9 47.0
21-4 8 0.9 48.0
21-4 8 0.9 48.0
21-4 8 0.0 318.0
21-4 8 0.0 359.0
21-4 8 0.0 359.0
21-4 9 0.0 328.0
21-4 9 0.0 359.0
21-4 9 0.0 318.0
21-4 9 0.0 318.0
21-4 9 0.0 359.0
21-4 9 0.0 359.0
21-4 9 0.0 316.0
21-4 9 0.0 359.0
21-4 9 0.0 359.0
21-4 9 0.0 320.0
21-4 9 1.7 318.0
21-4 9 0.9 359.0
21-4 9 0.0 320.0
21-4 9 1.7 359.0
21-4 9 1.7 320.0
21-4 9 0.9 319.0
21-4 9 0.0 319.0
21-4 9 0.0 359.0
21-4 9 0.0 320.0
21-4 9 0.0 319.0
21-4 9 0.0 320.0
21-4 9 0.0 359.0
21-4 9 3.5 359.0
21-4 9 1.7 359.0
21-4 9 5.2 359.0
21-4 9 2.6 327.0
21-4 9 2.6 359.0
21-4 9 2.6 359.0
21-4 9 2.6 328.0
21-4 9 3.5 328.0
21-4 10 1.7 359.0
21-4 10 4.3 359.0
21-4 10 5.2 304.0
21-4 10 3.5 316.0
21-4 10 6.1 320.0
21-4 10 2.6 318.0
21-4 10 3.5 315.0
21-4 10 2.6 335.0
21-4 10 5.2 4.0
21-4 10 2.6 317.0
21-4 10 7.0 335.0
21-4 10 7.8 339.0
21-4 10 7.0 333.0
21-4 10 4.3 314.0
21-4 10 6.1 308.0
21-4 10 6.1 359.0
21-4 10 6.1 359.0
21-4 10 4.3 329.0
21-4 10 6.1 4.0
21-4 10 6.1 330.0
21-4 10 3.5 335.0
21-4 10 7.8 325.0
21-4 10 6.1 359.0
21-4 10 7.0 359.0
21-4 10 5.2 348.0
21-4 10 9.6 327.0
21-4 10 7.0 330.0
21-4 10 5.2 359.0
21-4 10 8.7 335.0
21-4 10 7.0 337.0
21-4 11 6.1 332.0
21-4 11 6.1 317.0
21-4 11 7.8 340.0
21-4 11 7.0 359.0
21-4 11 4.3 295.0
21-4 11 8.7 314.0
21-4 11 6.1 359.0
21-4 11 8.7 334.0
21-4 11 10.4 342.0
21-4 11 7.0 359.0
21-4 11 9.6 322.0
21-4 11 8.7 328.0
21-4 11 7.0 338.0
21-4 11 11.3 359.0
21-4 11 7.8 354.0
21-4 11 4.3 328.0
21-4 11 6.1 324.0
21-4 11 6.1 317.0
21-4 11 7.8 308.0
21-4 11 7.8 330.0
21-4 11 10.4 335.0
21-4 11 9.6 339.0
21-4 11 7.0 337.0
21-4 11 8.7 359.0
21-4 11 8.7 354.0
21-4 11 12.2 323.0
21-4 11 10.4 319.0
21-4 11 6.1 310.0
21-4 11 8.7 338.0
21-4 11 8.7 359.0
21-4 12 9.6 327.0
21-4 12 9.6 359.0
21-4 12 7.0 318.0
21-4 12 8.7 340.0
21-4 12 7.8 326.0
21-4 12 8.7 336.0
21-4 12 7.0 337.0
21-4 12 8.7 359.0
21-4 12 7.0 340.0
21-4 12 9.6 359.0
21-4 12 8.7 359.0
21-4 12 8.7 334.0
21-4 12 7.0 8.0
21-4 12 7.0 329.0
21-4 12 6.1 359.0
21-4 12 7.8 309.0
21-4 12 7.8 359.0
21-4 12 5.2 296.0
21-4 12 7.0 359.0
21-4 12 7.0 345.0
21-4 12 9.6 359.0
21-4 12 8.7 329.0
21-4 12 7.0 359.0
21-4 12 9.6 324.0
21-4 12 8.7 315.0
21-4 12 7.8 332.0
21-4 12 5.2 359.0
21-4 12 7.8 359.0
21-4 12 7.8 318.0
21-4 12 7.0 314.0
21-4 13 6.1 359.0
21-4 13 5.2 359.0
21-4 13 7.8 324.0
21-4 13 8.7 326.0
21-4 13 7.0 359.0
21-4 13 7.8 316.0
21-4 13 7.8 359.0
21-4 13 5.2 314.0
21-4 13 8.7 359.0
21-4 13 6.1 359.0
21-4 13 8.7 359.0
21-4 13 7.8 359.0
21-4 13 6.1 316.0
21-4 13 5.2 331.0
21-4 13 5.2 359.0
21-4 13 6.1 298.0
21-4 13 4.3 359.0
21-4 13 6.1 359.0
21-4 13 2.6 314.0
21-4 13 5.2 359.0
21-4 13 5.2 359.0
21-4 13 4.3 322.0
21-4 13 5.2 313.0
21-4 13 7.8 283.0
21-4 13 6.1 289.0
21-4 13 5.2 304.0
21-4 13 7.0 305.0
21-4 13 6.1 316.0
21-4 13 7.8 305.0
21-4 13 6.1 291.0
21-4 14 5.2 318.0
21-4 14 7.0 313.0
21-4 14 6.1 359.0
21-4 14 6.1 359.0
21-4 14 7.8 309.0
21-4 14 10.4 359.0
21-4 14 5.2 305.0
21-4 14 8.7 305.0
21-4 14 5.2 321.0
21-4 14 7.8 359.0
21-4 14 9.6 297.0
21-4 14 11.3 302.0
21-4 14 7.8 359.0
21-4 14 8.7 314.0
21-4 14 10.4 299.0
21-4 14 10.4 310.0
21-4 14 8.7 359.0
21-4 14 7.8 359.0
21-4 14 11.3 315.0
21-4 14 8.7 307.0
21-4 14 10.4 320.0
21-4 14 13.0 308.0
21-4 14 13.0 317.0
21-4 14 9.6 359.0
21-4 14 10.4 280.0
21-4 14 11.3 339.0
21-4 14 13.0 298.0
21-4 14 11.3 328.0
21-4 14 8.7 359.0
21-4 14 12.2 285.0
21-4 15 14.8 359.0
21-4 15 9.6 359.0
21-4 15 12.2 318.0
21-4 15 13.9 359.0
21-4 15 11.3 326.0
21-4 15 11.3 285.0
21-4 15 12.2 305.0
21-4 15 12.2 359.0
21-4 15 9.6 325.0
21-4 15 13.9 359.0
21-4 15 13.9 311.0
21-4 15 13.0 334.0
21-4 15 12.2 359.0
21-4 15 14.8 359.0
21-4 15 13.9 359.0
21-4 15 17.4 341.0
21-4 15 14.8 359.0
21-4 15 14.8 359.0
21-4 15 17.4 359.0
21-4 15 17.4 359.0
21-4 15 16.5 338.0
21-4 15 10.4 354.0
21-4 15 18.2 280.0
21-4 15 8.7 359.0
21-4 15 11.3 8.0
21-4 15 15.6 359.0
21-4 15 17.4 8.0
21-4 15 10.4 301.0
21-4 15 12.2 330.0
21-4 15 8.7 303.0
21-4 16 12.2 9.0
21-4 16 13.0 359.0
21-4 16 17.4 335.0
21-4 16 13.0 286.0
21-4 16 13.9 359.0
21-4 16 14.8 320.0
21-4 16 9.6 359.0
21-4 16 13.9 330.0
21-4 16 15.6 343.0
21-4 16 15.6 328.0
21-4 16 12.2 359.0
21-4 16 16.5 359.0
21-4 16 17.4 359.0
21-4 16 20.9 359.0
21-4 16 21.7 4.0
21-4 16 14.8 10.0
21-4 16 15.6 359.0
21-4 16 22.6 4.0
21-4 16 17.4 327.0
21-4 16 17.4 359.0
21-4 16 20.0 320.0
21-4 16 16.5 291.0
21-4 16 19.1 23.0
21-4 16 20.0 345.0
21-4 16 21.7 359.0
21-4 16 19.1 359.0
21-4 16 22.6 339.0
21-4 16 20.0 334.0
21-4 16 20.0 328.0
21-4 16 17.4 350.0
21-4 17 19.1 13.0
21-4 17 16.5 4.0
21-4 17 13.0 354.0
21-4 17 13.9 335.0
21-4 17 13.0 306.0
21-4 17 14.8 359.0
21-4 17 15.6 334.0
21-4 17 17.4 4.0
21-4 17 18.2 354.0
21-4 17 18.2 349.0
21-4 17 13.9 359.0
21-4 17 19.1 359.0
21-4 17 15.6 359.0
21-4 17 18.2 354.0
21-4 17 13.0 322.0
21-4 17 14.8 359.0
21-4 17 16.5 331.0
21-4 17 20.9 340.0
21-4 17 15.6 307.0
21-4 17 19.1 320.0
21-4 17 21.7 314.0
21-4 17 18.2 324.0
21-4 17 15.6 359.0
21-4 17 19.1 310.0
21-4 17 21.7 307.0
21-4 17 17.4 291.0
21-4 17 16.5 359.0
21-4 17 13.0 354.0
21-4 17 15.6 359.0
21-4 17 24.3 322.0
21-4 18 26.1 359.0
21-4 18 20.9 359.0
21-4 18 22.6 359.0
21-4 18 18.2 8.0
21-4 18 19.1 359.0
21-4 18 16.5 359.0
21-4 18 20.0 318.0
21-4 18 18.2 310.0
21-4 18 28.7 359.0
21-4 18 23.5 339.0
21-4 18 21.7 348.0
21-4 18 26.1 359.0
21-4 18 19.1 4.0
21-4 18 21.7 11.0
21-4 18 22.6 4.0
21-4 18 26.1 359.0
21-4 18 18.2 359.0
21-4 18 17.4 309.0
21-4 18 22.6 334.0
21-4 18 21.7 341.0
21-4 18 21.7 359.0
21-4 18 22.6 345.0
21-4 18 21.7 359.0
21-4 18 20.9 4.0
21-4 18 18.2 354.0
21-4 18 20.9 339.0
21-4 18 23.5 359.0
21-4 18 20.0 350.0
21-4 18 22.6 333.0
21-4 18 22.6 359.0
21-4 19 20.0 359.0
21-4 19 18.2 332.0
21-4 19 26.1 18.0
21-4 19 24.3 359.0
21-4 19 20.0 359.0
21-4 19 22.6 350.0
21-4 19 23.5 359.0
21-4 19 24.3 324.0
21-4 19 22.6 359.0
21-4 19 29.5 354.0
21-4 19 29.5 10.0
21-4 19 20.9 4.0
21-4 19 24.3 318.0
21-4 19 20.9 359.0
21-4 19 33.0 318.0
21-4 19 23.5 327.0
21-4 19 28.7 23.0
21-4 19 26.1 359.0
21-4 19 31.3 16.0
21-4 19 26.9 359.0
21-4 19 24.3 359.0
21-4 19 30.4 333.0
21-4 19 26.9 4.0
21-4 19 27.8 336.0
21-4 19 33.0 331.0
21-4 19 26.1 326.0
21-4 19 27.8 8.0
21-4 19 22.6 339.0
21-4 19 25.2 359.0
21-4 19 20.9 354.0
21-4 20 23.5 359.0
21-4 20 27.8 328.0
21-4 20 22.6 359.0
21-4 20 22.6 359.0
21-4 20 30.4 354.0
21-4 20 29.5 347.0
21-4 20 26.9 359.0
21-4 20 26.9 320.0
21-4 20 26.9 354.0
21-4 20 25.2 347.0
21-4 20 25.2 359.0
21-4 20 22.6 342.0
21-4 20 20.0 343.0
21-4 20 23.5 4.0
21-4 20 24.3 359.0
21-4 20 21.7 8.0
21-4 20 25.2 359.0
21-4 20 21.7 332.0
21-4 20 17.4 342.0
21-4 20 21.7 8.0
21-4 20 15.6 9.0
21-4 20 20.0 359.0
21-4 20 21.7 323.0
21-4 20 17.4 291.0
21-4 20 21.7 27.0
21-4 20 13.9 301.0
21-4 20 23.5 359.0
21-4 20 22.6 316.0
21-4 20 26.9 350.0
21-4 20 22.6 338.0
21-4 21 20.0 305.0
21-4 21 22.6 339.0
21-4 21 27.8 359.0
21-4 21 24.3 359.0
21-4 21 14.8 326.0
21-4 21 22.6 16.0
21-4 21 23.5 325.0
21-4 21 23.5 320.0
21-4 21 26.1 4.0
21-4 21 22.6 348.0
21-4 21 19.1 359.0
21-4 21 25.2 359.0
21-4 21 17.4 359.0
21-4 21 17.4 16.0
21-4 21 18.2 346.0
21-4 21 20.9 318.0
21-4 21 14.8 318.0
21-4 21 22.6 359.0
21-4 21 22.6 359.0
21-4 21 14.8 359.0
21-4 21 25.2 354.0
21-4 21 20.0 359.0
21-4 21 20.0 342.0
21-4 21 16.5 359.0
21-4 21 16.5 305.0
21-4 21 19.1 324.0
21-4 21 15.6 318.0
21-4 21 17.4 325.0
21-4 21 25.2 359.0
21-4 21 20.9 359.0
21-4 22 26.9 359.0
21-4 22 19.1 317.0
21-4 22 24.3 312.0
21-4 22 22.6 359.0
21-4 22 18.2 340.0
21-4 22 20.9 359.0
21-4 22 24.3 359.0
21-4 22 28.7 4.0
21-4 22 18.2 317.0
21-4 22 16.5 4.0
21-4 22 20.9 291.0
21-4 22 26.9 335.0
21-4 22 23.5 341.0
21-4 22 26.1 359.0
21-4 22 26.1 323.0
21-4 22 20.0 359.0
21-4 22 22.6 359.0
21-4 22 16.5 359.0
21-4 22 22.6 335.0
21-4 22 20.9 345.0
21-4 22 19.1 359.0
21-4 22 24.3 354.0
21-4 22 22.6 354.0
21-4 22 17.4 333.0
21-4 22 18.2 320.0
21-4 22 20.9 12.0
21-4 22 20.9 332.0
21-4 22 15.6 359.0
21-4 22 15.6 334.0
21-4 22 26.9 359.0
21-4 23 19.1 337.0
21-4 23 24.3 318.0
21-4 23 20.0 349.0
21-4 23 21.7 330.0
21-4 23 18.2 330.0
21-4 23 21.7 337.0
21-4 23 26.1 339.0
21-4 23 20.9 335.0
21-4 23 22.6 359.0
21-4 23 21.7 359.0
21-4 23 23.5 359.0
21-4 23 18.2 359.0
21-4 23 23.5 4.0
21-4 23 19.1 359.0
21-4 23 23.5 359.0
21-4 23 20.9 312.0
21-4 23 20.9 322.0
21-4 23 20.9 330.0
21-4 23 25.2 324.0
21-4 23 24.3 328.0
21-4 23 19.1 316.0
21-4 23 16.5 359.0
21-4 23 22.6 328.0
21-4 23 26.9 336.0
21-4 23 20.9 359.0
21-4 23 24.3 314.0
21-4 23 20.9 337.0
21-4 23 16.5 4.0
21-4 23 20.9 359.0
21-4 23 26.9 8.0
