22-3 4 0.9 139.0
22-3 4 1.7 359.0
22-3 4 0.0 136.0
22-3 4 0.0 359.0
22-3 4 0.0 142.0
22-3 4 0.9 136.0
22-3 4 0.0 139.0
22-3 4 0.9 139.0
22-3 4 0.9 145.0
22-3 4 1.7 137.0
22-3 4 0.0 139.0
22-3 4 1.7 145.0
22-3 4 0.0 359.0
22-3 4 1.7 144.0
22-3 4 1.7 137.0
22-3 4 0.9 137.0
22-3 4 0.0 137.0
22-3 4 0.0 137.0
22-3 4 0.9 359.0
22-3 4 0.9 359.0
22-3 4 0.9 145.0
22-3 4 1.7 137.0
22-3 4 1.7 136.0
22-3 4 0.9 137.0
22-3 4 1.7 136.0
22-3 4 0.9 134.0
22-3 4 0.9 136.0
22-3 4 0.0 134.0
22-3 4 0.0 359.0
22-3 4 0.0 134.0
22-3 5 0.0 359.0
22-3 5 0.0 144.0
22-3 5 0.0 137.0
22-3 5 0.0 136.0
22-3 5 0.0 135.0
22-3 5 0.0 144.0
22-3 5 0.9 136.0
22-3 5 0.9 359.0
22-3 5 0.0 359.0
22-3 5 1.7 137.0
22-3 5 0.9 359.0
22-3 5 1.7 359.0
22-3 5 0.0 359.0
22-3 5 1.7 144.0
22-3 5 0.9 359.0
22-3 5 1.7 134.0
22-3 5 0.9 359.0
22-3 5 2.6 143.0
22-3 5 2.6 143.0
22-3 5 2.6 135.0
22-3 5 0.9 359.0
22-3 5 0.9 134.0
22-3 5 1.7 359.0
22-3 5 2.6 140.0
22-3 5 1.7 135.0
22-3 5 1.7 359.0
22-3 5 1.7 134.0
22-3 5 2.6 359.0
22-3 5 0.9 359.0
22-3 5 1.7 359.0
22-3 6 1.7 359.0
22-3 6 1.7 135.0
22-3 6 0.0 137.0
22-3 6 0.9 135.0
22-3 6 0.0 143.0
22-3 6 0.0 359.0
22-3 6 0.0 135.0
22-3 6 0.0 359.0
22-3 6 0.0 137.0
22-3 6 0.0 133.0
22-3 6 1.7 142.0
22-3 6 0.9 359.0
22-3 6 0.0 133.0
22-3 6 2.6 359.0
22-3 6 1.7 143.0
22-3 6 0.9 359.0
22-3 6 0.9 136.0
22-3 6 1.7 359.0
22-3 6 1.7 143.0
22-3 6 2.6 135.0
22-3 6 1.7 359.0
22-3 6 1.7 359.0
22-3 6 1.7 359.0
22-3 6 1.7 141.0
22-3 6 3.5 140.0
22-3 6 1.7 134.0
22-3 6 2.6 134.0
22-3 6 0.9 135.0
22-3 6 2.6 133.0
22-3 6 2.6 134.0
22-3 7 2.6 359.0
22-3 7 1.7 133.0
22-3 7 0.9 135.0
22-3 7 0.9 359.0
22-3 7 1.7 136.0
22-3 7 1.7 139.0
22-3 7 1.7 139.0
22-3 7 0.9 359.0
22-3 7 0.9 359.0
22-3 7 0.0 136.0
22-3 7 1.7 359.0
22-3 7 1.7 135.0
22-3 7 0.0 138.0
22-3 7 0.9 359.0
22-3 7 1.7 146.0
22-3 7 1.7 359.0
22-3 7 1.7 139.0
22-3 7 1.7 359.0
22-3 7 1.7 359.0
22-3 7 1.7 359.0
22-3 7 1.7 139.0
22-3 7 1.7 138.0
22-3 7 0.0 141.0
22-3 7 2.6 135.0
22-3 7 0.0 138.0
22-3 7 0.9 136.0
22-3 7 0.0 136.0
22-3 7 0.0 138.0
22-3 7 0.9 146.0
22-3 7 2.6 359.0
22-3 8 2.6 359.0
22-3 8 1.7 145.0
22-3 8 1.7 359.0
22-3 8 1.7 137.0
22-3 8 2.6 137.0
22-3 8 2.6 135.0
22-3 8 1.7 135.0
22-3 8 2.6 136.0
22-3 8 1.7 359.0
22-3 8 1.7 138.0
22-3 8 1.7 359.0
22-3 8 1.7 137.0
22-3 8 1.7 359.0
22-3 8 0.0 146.0
22-3 8 1.7 137.0
22-3 8 0.9 137.0
22-3 8 0.0 144.0
22-3 8 0.0 135.0
22-3 8 0.0 359.0
22-3 8 1.7 137.0
22-3 8 0.0 145.0
22-3 8 0.0 137.0
22-3 8 0.0 143.0
22-3 8 0.0 134.0
22-3 8 0.0 135.0
22-3 8 0.9 140.0
22-3 8 0.9 359.0
22-3 8 0.9 133.0
22-3 8 0.0 135.0
22-3 8 0.0 135.0
22-3 9 0.0 136.0
22-3 9 0.0 133.0
22-3 9 0.9 135.0
22-3 9 1.7 133.0
22-3 9 0.9 132.0
22-3 9 0.9 135.0
22-3 9 0.9 135.0
22-3 9 0.9 132.0
22-3 9 1.7 135.0
22-3 9 1.7 133.0
22-3 9 0.9 131.0
22-3 9 0.0 132.0
22-3 9 0.0 135.0
22-3 9 1.7 133.0
22-3 9 2.6 131.0
22-3 9 2.6 134.0
22-3 9 2.6 131.0
22-3 9 1.7 131.0
22-3 9 0.0 132.0
22-3 9 0.0 129.0
22-3 9 0.9 129.0
22-3 9 1.7 130.0
22-3 9 1.7 111.0
22-3 9 2.6 116.0
22-3 9 1.7 114.0
22-3 9 0.9 120.0
22-3 9 1.7 114.0
22-3 9 1.7 120.0
22-3 9 3.5 22.0
22-3 9 2.6 23.0
22-3 10 1.7 22.0
22-3 10 3.5 23.0
22-3 10 2.6 23.0
22-3 10 2.6 359.0
22-3 10 2.6 359.0
22-3 10 3.5 291.0
22-3 10 3.5 295.0
22-3 10 4.3 295.0
22-3 10 4.3 302.0
22-3 10 1.7 318.0
22-3 10 4.3 312.0
22-3 10 3.5 310.0
22-3 10 4.3 312.0
22-3 10 3.5 359.0
22-3 10 3.5 291.0
22-3 10 3.5 292.0
22-3 10 2.6 359.0
22-3 10 3.5 359.0
22-3 10 1.7 285.0
22-3 10 3.5 359.0
22-3 10 3.5 359.0
22-3 10 3.5 285.0
22-3 10 3.5 278.0
22-3 10 1.7 284.0
22-3 10 4.3 359.0
22-3 10 3.5 299.0
22-3 10 2.6 287.0
22-3 10 2.6 277.0
22-3 10 4.3 289.0
22-3 10 2.6 359.0
22-3 11 4.3 359.0
22-3 11 4.3 285.0
22-3 11 3.5 288.0
22-3 11 4.3 266.0
22-3 11 4.3 359.0
22-3 11 4.3 359.0
22-3 11 4.3 278.0
22-3 11 4.3 292.0
22-3 11 4.3 293.0
22-3 11 2.6 295.0
22-3 11 5.2 359.0
22-3 11 5.2 273.0
22-3 11 3.5 359.0
22-3 11 4.3 258.0
22-3 11 3.5 359.0
22-3 11 2.6 291.0
22-3 11 4.3 287.0
22-3 11 4.3 300.0
22-3 11 2.6 359.0
22-3 11 4.3 287.0
22-3 11 5.2 275.0
22-3 11 6.1 271.0
22-3 11 6.1 281.0
22-3 11 6.1 248.0
22-3 11 7.0 275.0
22-3 11 7.0 257.0
22-3 11 4.3 237.0
22-3 11 1.7 262.0
22-3 11 3.5 245.0
22-3 11 2.6 359.0
22-3 12 2.6 359.0
22-3 12 1.7 281.0
22-3 12 3.5 359.0
22-3 12 2.6 272.0
22-3 12 3.5 281.0
22-3 12 1.7 359.0
22-3 12 0.0 359.0
22-3 12 0.9 310.0
22-3 12 0.9 359.0
22-3 12 1.7 359.0
22-3 12 1.7 317.0
22-3 12 0.0 359.0
22-3 12 1.7 335.0
22-3 12 1.7 335.0
22-3 12 0.9 335.0
22-3 12 0.9 359.0
22-3 12 0.0 359.0
22-3 12 0.0 340.0
22-3 12 0.9 343.0
22-3 12 0.0 343.0
22-3 12 2.6 359.0
22-3 12 2.6 38.0
22-3 12 1.7 44.0
22-3 12 3.5 45.0
22-3 12 4.3 44.0
22-3 12 3.5 44.0
22-3 12 4.3 44.0
22-3 12 4.3 44.0
22-3 12 2.6 45.0
22-3 12 3.5 43.0
22-3 13 2.6 46.0
22-3 13 4.3 35.0
22-3 13 2.6 36.0
22-3 13 2.6 29.0
22-3 13 3.5 29.0
22-3 13 2.6 29.0
22-3 13 3.5 359.0
22-3 13 0.9 326.0
22-3 13 3.5 359.0
22-3 13 2.6 299.0
22-3 13 4.3 253.0
22-3 13 6.1 281.0
22-3 13 4.3 359.0
22-3 13 6.1 308.0
22-3 13 3.5 303.0
22-3 13 1.7 311.0
22-3 13 1.7 304.0
22-3 13 2.6 359.0
22-3 13 2.6 345.0
22-3 13 1.7 296.0
22-3 13 3.5 359.0
22-3 13 1.7 359.0
22-3 13 1.7 359.0
22-3 13 1.7 359.0
22-3 13 3.5 349.0
22-3 13 0.9 327.0
22-3 13 0.9 359.0
22-3 13 2.6 359.0
22-3 13 1.7 354.0
22-3 13 2.6 329.0
22-3 14 1.7 359.0
22-3 14 1.7 359.0
22-3 14 3.5 354.0
22-3 14 2.6 359.0
22-3 14 0.9 354.0
22-3 14 1.7 354.0
22-3 14 3.5 359.0
22-3 14 2.6 298.0
22-3 14 3.5 297.0
22-3 14 3.5 314.0
22-3 14 3.5 314.0
22-3 14 1.7 306.0
22-3 14 3.5 301.0
22-3 14 1.7 303.0
22-3 14 1.7 302.0
22-3 14 2.6 299.0
22-3 14 2.6 359.0
22-3 14 2.6 359.0
22-3 14 2.6 329.0
22-3 14 4.3 305.0
22-3 14 4.3 272.0
22-3 14 4.3 267.0
22-3 14 4.3 295.0
22-3 14 2.6 359.0
22-3 14 4.3 265.0
22-3 14 3.5 252.0
22-3 14 5.2 359.0
22-3 14 4.3 265.0
22-3 14 3.5 276.0
22-3 14 4.3 303.0
22-3 15 3.5 283.0
22-3 15 1.7 318.0
22-3 15 7.0 251.0
22-3 15 6.1 271.0
22-3 15 6.1 237.0
22-3 15 6.1 359.0
22-3 15 4.3 359.0
22-3 15 6.1 359.0
22-3 15 3.5 359.0
22-3 15 5.2 359.0
22-3 15 5.2 252.0
22-3 15 2.6 239.0
22-3 15 0.9 238.0
22-3 15 5.2 359.0
22-3 15 3.5 238.0
22-3 15 4.3 237.0
22-3 15 3.5 247.0
22-3 15 3.5 264.0
22-3 15 4.3 262.0
22-3 15 2.6 266.0
22-3 15 3.5 288.0
22-3 15 3.5 256.0
22-3 15 7.0 359.0
22-3 15 5.2 359.0
22-3 15 6.1 359.0
22-3 15 4.3 251.0
22-3 15 5.2 359.0
22-3 15 5.2 359.0
22-3 15 4.3 245.0
22-3 15 5.2 259.0
22-3 16 4.3 284.0
22-3 16 3.5 281.0
22-3 16 3.5 286.0
22-3 16 3.5 289.0
22-3 16 4.3 359.0
22-3 16 4.3 258.0
22-3 16 5.2 261.0
22-3 16 5.2 270.0
22-3 16 5.2 247.0
22-3 16 3.5 243.0
22-3 16 5.2 359.0
22-3 16 3.5 266.0
22-3 16 2.6 359.0
22-3 16 1.7 276.0
22-3 16 0.9 277.0
22-3 16 3.5 359.0
22-3 16 4.3 359.0
22-3 16 2.6 359.0
22-3 16 1.7 311.0
22-3 16 0.9 339.0
22-3 16 0.0 359.0
22-3 16 1.7 359.0
22-3 16 2.6 253.0
22-3 16 4.3 292.0
22-3 16 2.6 304.0
22-3 16 1.7 307.0
22-3 16 1.7 306.0
22-3 16 0.0 306.0
22-3 16 0.0 306.0
22-3 16 1.7 359.0
22-3 17 3.5 110.0
22-3 17 0.9 110.0
22-3 17 3.5 174.0
22-3 17 2.6 174.0
22-3 17 0.9 175.0
22-3 17 5.2 204.0
22-3 17 5.2 203.0
22-3 17 5.2 203.0
22-3 17 2.6 203.0
22-3 17 1.7 204.0
22-3 17 1.7 203.0
22-3 17 1.7 203.0
22-3 17 3.5 204.0
22-3 17 3.5 204.0
22-3 17 4.3 203.0
22-3 17 2.6 203.0
22-3 17 4.3 204.0
22-3 17 3.5 203.0
22-3 17 2.6 203.0
22-3 17 2.6 203.0
22-3 17 0.0 203.0
22-3 17 1.7 203.0
22-3 17 0.9 204.0
22-3 17 1.7 203.0
22-3 17 0.0 204.0
22-3 17 1.7 203.0
22-3 17 2.6 204.0
22-3 17 3.5 203.0
22-3 17 2.6 359.0
22-3 17 1.7 203.0
22-3 18 1.7 202.0
22-3 18 1.7 203.0
22-3 18 4.3 359.0
22-3 18 6.1 201.0
22-3 18 3.5 359.0
22-3 18 2.6 208.0
22-3 18 3.5 359.0
22-3 18 2.6 201.0
22-3 18 0.9 206.0
22-3 18 1.7 210.0
22-3 18 0.0 200.0
22-3 18 1.7 210.0
22-3 18 1.7 359.0
22-3 18 0.9 359.0
22-3 18 0.0 201.0
22-3 18 1.7 210.0
22-3 18 0.0 211.0
22-3 18 0.0 200.0
22-3 18 0.0 199.0
22-3 18 0.9 359.0
22-3 18 1.7 359.0
22-3 18 0.9 212.0
22-3 18 0.9 201.0
22-3 18 1.7 359.0
22-3 18 0.0 198.0
22-3 18 0.0 202.0
22-3 18 1.7 198.0
22-3 18 2.6 359.0
22-3 18 0.9 203.0
22-3 18 2.6 201.0
22-3 19 2.6 199.0
22-3 19 2.6 201.0
22-3 19 3.5 212.0
22-3 19 2.6 201.0
22-3 19 0.9 198.0
22-3 19 1.7 359.0
22-3 19 0.9 211.0
22-3 19 0.0 203.0
22-3 19 1.7 359.0
22-3 19 0.9 201.0
22-3 19 0.0 359.0
22-3 19 0.9 359.0
22-3 19 0.0 201.0
22-3 19 0.9 212.0
22-3 19 0.0 199.0
22-3 19 0.0 200.0
22-3 19 0.0 198.0
22-3 19 0.9 359.0
22-3 19 0.0 212.0
22-3 19 0.0 199.0
22-3 19 0.0 199.0
22-3 19 0.0 359.0
22-3 19 0.0 210.0
22-3 19 0.0 199.0
22-3 19 0.0 212.0
22-3 19 0.0 212.0
22-3 19 0.0 359.0
22-3 19 0.9 202.0
22-3 19 0.0 211.0
22-3 19 0.0 359.0
22-3 20 1.7 359.0
22-3 20 0.9 199.0
22-3 20 2.6 200.0
22-3 20 4.3 359.0
22-3 20 4.3 212.0
22-3 20 4.3 359.0
22-3 20 5.2 201.0
22-3 20 4.3 199.0
22-3 20 0.0 203.0
22-3 20 0.9 212.0
22-3 20 1.7 359.0
22-3 20 0.9 199.0
22-3 20 1.7 199.0
22-3 20 0.9 359.0
22-3 20 0.9 201.0
22-3 20 1.7 200.0
22-3 20 1.7 201.0
22-3 20 0.9 359.0
22-3 20 2.6 203.0
22-3 20 0.0 359.0
22-3 20 0.0 359.0
22-3 20 0.0 202.0
22-3 20 0.0 203.0
22-3 20 0.0 359.0
22-3 20 0.0 359.0
22-3 20 0.0 359.0
22-3 20 0.0 199.0
22-3 20 0.0 212.0
22-3 20 0.9 210.0
22-3 20 0.0 202.0
22-3 21 0.0 201.0
22-3 21 0.0 212.0
22-3 21 0.0 201.0
22-3 21 1.7 203.0
22-3 21 0.0 359.0
22-3 21 0.0 206.0
22-3 21 0.9 201.0
22-3 21 0.0 211.0
22-3 21 0.0 203.0
22-3 21 0.0 204.0
22-3 21 0.0 201.0
22-3 21 0.0 359.0
22-3 21 0.0 200.0
22-3 21 0.0 212.0
22-3 21 0.0 202.0
22-3 21 0.0 203.0
22-3 21 0.0 200.0
22-3 21 0.0 203.0
22-3 21 0.9 359.0
22-3 21 0.0 200.0
22-3 21 0.0 359.0
22-3 21 0.0 359.0
22-3 21 0.0 359.0
22-3 21 0.9 359.0
22-3 21 0.0 207.0
22-3 21 0.0 359.0
22-3 21 1.7 204.0
22-3 21 0.0 201.0
22-3 21 0.9 204.0
22-3 21 1.7 200.0
22-3 22 0.9 212.0
22-3 22 0.0 204.0
22-3 22 0.0 359.0
22-3 22 1.7 212.0
22-3 22 2.6 201.0
22-3 22 3.5 359.0
22-3 22 1.7 359.0
22-3 22 3.5 200.0
22-3 22 5.2 359.0
22-3 22 3.5 204.0
22-3 22 3.5 204.0
22-3 22 4.3 212.0
22-3 22 5.2 202.0
22-3 22 2.6 203.0
22-3 22 4.3 202.0
22-3 22 2.6 204.0
22-3 22 3.5 204.0
22-3 22 1.7 204.0
22-3 22 1.7 201.0
22-3 22 0.9 359.0
22-3 22 0.0 204.0
22-3 22 0.0 213.0
22-3 22 0.0 204.0
22-3 22 0.0 359.0
22-3 22 0.9 359.0
22-3 22 0.0 200.0
22-3 22 0.0 204.0
22-3 22 1.7 204.0
22-3 22 2.6 330.0
22-3 22 0.0 359.0
22-3 23 0.9 336.0
22-3 23 1.7 359.0
22-3 23 0.0 335.0
22-3 23 0.0 335.0
22-3 23 0.0 359.0
22-3 23 0.0 337.0
22-3 23 0.0 359.0
22-3 23 0.0 359.0
22-3 23 0.9 359.0
22-3 23 0.0 335.0
22-3 23 0.0 359.0
22-3 23 0.0 338.0
22-3 23 0.0 338.0
22-3 23 0.0 338.0
22-3 23 0.9 335.0
22-3 23 2.6 335.0
22-3 23 2.6 294.0
22-3 23 1.7 294.0
22-3 23 0.0 295.0
22-3 23 0.0 299.0
22-3 23 2.6 359.0
22-3 23 4.3 359.0
22-3 23 0.9 359.0
22-3 23 3.5 282.0
22-3 23 1.7 283.0
22-3 23 2.6 284.0
22-3 23 1.7 359.0
22-3 23 1.7 289.0
22-3 23 1.7 359.0
22-3 23 1.7 359.0
