22-4 5 7.0 8.0
22-4 5 6.1 14.0
22-4 5 5.2 33.0
22-4 5 5.2 359.0
22-4 5 11.3 359.0
22-4 5 9.6 12.0
22-4 5 6.1 354.0
22-4 5 12.2 9.0
22-4 5 13.0 19.0
22-4 5 7.8 8.0
22-4 5 9.6 27.0
22-4 5 9.6 21.0
22-4 5 7.8 4.0
22-4 5 11.3 4.0
22-4 5 9.6 10.0
22-4 5 9.6 25.0
22-4 5 9.6 23.0
22-4 5 10.4 33.0
22-4 5 8.7 349.0
22-4 5 9.6 25.0
22-4 5 7.0 29.0
22-4 5 7.8 16.0
22-4 5 14.8 4.0
22-4 5 6.1 29.0
22-4 5 5.2 10.0
22-4 5 7.8 18.0
22-4 5 6.1 14.0
22-4 5 6.1 31.0
22-4 5 8.7 37.0
22-4 5 7.8 21.0
22-4 6 12.2 12.0
22-4 6 5.2 14.0
22-4 6 7.0 8.0
22-4 6 7.8 8.0
22-4 6 9.6 18.0
22-4 6 8.7 12.0
22-4 6 7.0 16.0
22-4 6 9.6 12.0
22-4 6 6.1 18.0
22-4 6 5.2 8.0
22-4 6 7.0 22.0
22-4 6 7.8 22.0
22-4 6 11.3 25.0
22-4 6 10.4 4.0
22-4 6 7.8 12.0
22-4 6 7.0 21.0
22-4 6 11.3 8.0
22-4 6 13.0 10.0
22-4 6 7.8 10.0
22-4 6 9.6 23.0
22-4 6 9.6 27.0
22-4 6 11.3 359.0
22-4 6 7.8 21.0
22-4 6 7.8 10.0
22-4 6 6.1 11.0
22-4 6 8.7 12.0
22-4 6 6.1 15.0
22-4 6 8.7 10.0
22-4 6 7.0 329.0
22-4 6 9.6 359.0
22-4 7 8.7 359.0
22-4 7 11.3 8.0
22-4 7 8.7 25.0
22-4 7 11.3 359.0
22-4 7 8.7 10.0
22-4 7 13.0 4.0
22-4 7 12.2 4.0
22-4 7 13.0 354.0
22-4 7 13.9 4.0
22-4 7 13.9 8.0
22-4 7 11.3 4.0
22-4 7 12.2 27.0
22-4 7 10.4 354.0
22-4 7 13.0 10.0
22-4 7 12.2 4.0
22-4 7 13.0 4.0
22-4 7 12.2 12.0
22-4 7 10.4 25.0
22-4 7 8.7 19.0
22-4 7 11.3 16.0
22-4 7 11.3 14.0
22-4 7 14.8 8.0
22-4 7 15.6 18.0
22-4 7 12.2 13.0
22-4 7 16.5 10.0
22-4 7 9.6 359.0
22-4 7 11.3 341.0
22-4 7 12.2 344.0
22-4 7 16.5 339.0
22-4 7 11.3 359.0
22-4 8 9.6 8.0
22-4 8 12.2 349.0
22-4 8 13.9 4.0
22-4 8 10.4 25.0
22-4 8 8.7 4.0
22-4 8 14.8 359.0
22-4 8 11.3 17.0
22-4 8 13.9 4.0
22-4 8 13.0 9.0
22-4 8 14.8 16.0
22-4 8 12.2 8.0
22-4 8 14.8 4.0
22-4 8 11.3 4.0
22-4 8 11.3 359.0
22-4 8 12.2 336.0
22-4 8 13.0 359.0
22-4 8 10.4 9.0
22-4 8 13.9 359.0
22-4 8 13.0 346.0
22-4 8 13.0 326.0
22-4 8 13.9 8.0
22-4 8 13.9 4.0
22-4 8 13.9 12.0
22-4 8 13.9 4.0
22-4 8 14.8 4.0
22-4 8 17.4 4.0
22-4 8 13.0 349.0
22-4 8 14.8 354.0
22-4 8 13.0 350.0
22-4 8 13.0 4.0
22-4 9 18.2 4.0
22-4 9 14.8 359.0
22-4 9 17.4 21.0
22-4 9 14.8 8.0
22-4 9 15.6 4.0
22-4 9 19.1 4.0
22-4 9 15.6 4.0
22-4 9 18.2 4.0
22-4 9 19.1 4.0
22-4 9 15.6 14.0
22-4 9 14.8 4.0
22-4 9 17.4 11.0
22-4 9 14.8 347.0
22-4 9 16.5 14.0
22-4 9 13.0 349.0
22-4 9 12.2 359.0
22-4 9 18.2 317.0
22-4 9 16.5 4.0
22-4 9 19.1 8.0
22-4 9 15.6 359.0
22-4 9 15.6 359.0
22-4 9 15.6 359.0
22-4 9 14.8 359.0
22-4 9 14.8 4.0
22-4 9 18.2 350.0
22-4 9 15.6 8.0
22-4 9 15.6 359.0
22-4 9 17.4 359.0
22-4 9 13.9 338.0
22-4 9 14.8 341.0
22-4 10 24.3 344.0
22-4 10 16.5 359.0
22-4 10 14.8 359.0
22-4 10 17.4 359.0
22-4 10 14.8 17.0
22-4 10 19.1 347.0
22-4 10 15.6 332.0
22-4 10 19.1 344.0
22-4 10 20.0 4.0
22-4 10 20.9 359.0
22-4 10 21.7 354.0
22-4 10 17.4 350.0
22-4 10 18.2 354.0
22-4 10 15.6 343.0
22-4 10 19.1 359.0
22-4 10 17.4 347.0
22-4 10 12.2 331.0
22-4 10 19.1 345.0
22-4 10 18.2 327.0
22-4 10 17.4 359.0
22-4 10 17.4 343.0
22-4 10 13.9 335.0
22-4 10 15.6 4.0
22-4 10 19.1 359.0
22-4 10 18.2 359.0
22-4 10 21.7 345.0
22-4 10 18.2 359.0
22-4 10 17.4 347.0
22-4 10 21.7 359.0
22-4 10 18.2 359.0
22-4 11 19.1 359.0
22-4 11 17.4 326.0
22-4 11 18.2 337.0
22-4 11 18.2 359.0
22-4 11 18.2 4.0
22-4 11 15.6 348.0
22-4 11 13.9 330.0
22-4 11 15.6 359.0
22-4 11 19.1 359.0
22-4 11 14.8 11.0
22-4 11 17.4 348.0
22-4 11 20.9 333.0
22-4 11 15.6 359.0
22-4 11 18.2 337.0
22-4 11 16.5 359.0
22-4 11 13.0 359.0
22-4 11 13.9 13.0
22-4 11 19.1 359.0
22-4 11 17.4 359.0
22-4 11 15.6 319.0
22-4 11 20.9 315.0
22-4 11 13.9 359.0
22-4 11 19.1 339.0
22-4 11 20.9 337.0
22-4 11 15.6 359.0
22-4 11 18.2 328.0
22-4 11 14.8 314.0
22-4 11 17.4 329.0
22-4 11 18.2 359.0
22-4 11 14.8 337.0
22-4 12 13.9 359.0
22-4 12 16.5 347.0
22-4 12 17.4 330.0
22-4 12 17.4 296.0
22-4 12 20.9 339.0
22-4 12 18.2 284.0
22-4 12 14.8 359.0
22-4 12 14.8 47.0
22-4 12 13.9 339.0
22-4 12 20.0 310.0
22-4 12 17.4 323.0
22-4 12 18.2 332.0
22-4 12 13.9 315.0
22-4 12 18.2 359.0
22-4 12 13.9 290.0
22-4 12 20.9 359.0
22-4 12 16.5 314.0
22-4 12 20.0 359.0
22-4 12 17.4 4.0
22-4 12 18.2 359.0
22-4 12 17.4 359.0
22-4 12 14.8 359.0
22-4 12 19.1 326.0
22-4 12 16.5 359.0
22-4 12 18.2 359.0
22-4 12 19.1 342.0
22-4 12 15.6 359.0
22-4 12 20.0 359.0
22-4 12 18.2 359.0
22-4 12 18.2 359.0
22-4 13 21.7 314.0
22-4 13 22.6 359.0
22-4 13 20.0 314.0
22-4 13 22.6 318.0
22-4 13 22.6 359.0
22-4 13 21.7 337.0
22-4 13 19.1 339.0
22-4 13 17.4 359.0
22-4 13 20.9 359.0
22-4 13 17.4 359.0
22-4 13 14.8 4.0
22-4 13 23.5 350.0
22-4 13 20.0 359.0
22-4 13 15.6 359.0
22-4 13 22.6 359.0
22-4 13 17.4 359.0
22-4 13 20.0 324.0
22-4 13 13.9 359.0
22-4 13 15.6 296.0
22-4 13 18.2 307.0
22-4 13 15.6 359.0
22-4 13 15.6 326.0
22-4 13 15.6 332.0
22-4 13 23.5 359.0
22-4 13 17.4 359.0
22-4 13 17.4 359.0
22-4 13 15.6 328.0
22-4 13 17.4 326.0
22-4 13 19.1 306.0
22-4 13 16.5 319.0
22-4 14 21.7 4.0
22-4 14 23.5 325.0
22-4 14 19.1 354.0
22-4 14 22.6 335.0
22-4 14 20.0 359.0
22-4 14 20.0 4.0
22-4 14 18.2 354.0
22-4 14 17.4 286.0
22-4 14 17.4 359.0
22-4 14 22.6 349.0
22-4 14 17.4 354.0
22-4 14 20.0 354.0
22-4 14 17.4 345.0
22-4 14 17.4 314.0
22-4 14 27.8 359.0
22-4 14 21.7 359.0
22-4 14 21.7 337.0
22-4 14 15.6 359.0
22-4 14 17.4 359.0
22-4 14 18.2 359.0
22-4 14 20.0 359.0
22-4 14 23.5 359.0
22-4 14 20.9 359.0
22-4 14 21.7 359.0
22-4 14 20.9 318.0
22-4 14 13.0 359.0
22-4 14 19.1 330.0
22-4 14 20.9 12.0
22-4 14 27.8 359.0
22-4 14 22.6 310.0
22-4 15 20.0 283.0
22-4 15 20.0 4.0
22-4 15 21.7 337.0
22-4 15 20.0 359.0
22-4 15 21.7 354.0
22-4 15 26.1 359.0
22-4 15 20.0 312.0
22-4 15 20.9 322.0
22-4 15 21.7 342.0
22-4 15 28.7 321.0
22-4 15 19.1 359.0
22-4 15 25.2 316.0
22-4 15 14.8 319.0
22-4 15 18.2 25.0
22-4 15 20.9 359.0
22-4 15 23.5 350.0
22-4 15 20.0 332.0
22-4 15 23.5 318.0
22-4 15 18.2 359.0
22-4 15 20.0 305.0
22-4 15 23.5 359.0
22-4 15 26.9 359.0
22-4 15 22.6 4.0
22-4 15 19.1 359.0
22-4 15 30.4 359.0
22-4 15 20.9 313.0
22-4 15 28.7 325.0
22-4 15 20.0 359.0
22-4 15 26.1 359.0
22-4 15 22.6 359.0
22-4 16 25.2 305.0
22-4 16 19.1 332.0
22-4 16 21.7 359.0
22-4 16 21.7 347.0
22-4 16 19.1 18.0
22-4 16 25.2 359.0
22-4 16 25.2 345.0
22-4 16 24.3 359.0
22-4 16 13.0 308.0
22-4 16 17.4 359.0
22-4 16 25.2 330.0
22-4 16 20.0 359.0
22-4 16 20.0 359.0
22-4 16 27.8 359.0
22-4 16 19.1 332.0
22-4 16 17.4 337.0
22-4 16 19.1 342.0
22-4 16 17.4 335.0
22-4 16 23.5 359.0
22-4 16 22.6 359.0
22-4 16 16.5 326.0
22-4 16 21.7 310.0
22-4 16 17.4 359.0
22-4 16 23.5 341.0
22-4 16 21.7 314.0
22-4 16 20.0 4.0
22-4 16 23.5 359.0
22-4 16 30.4 359.0
22-4 16 20.9 303.0
22-4 16 23.5 311.0
22-4 17 21.7 359.0
22-4 17 15.6 347.0
22-4 17 13.9 314.0
22-4 17 22.6 340.0
22-4 17 22.6 359.0
22-4 17 12.2 313.0
22-4 17 20.9 359.0
22-4 17 24.3 310.0
22-4 17 20.9 337.0
22-4 17 19.1 314.0
22-4 17 21.7 359.0
22-4 17 20.0 359.0
22-4 17 16.5 309.0
22-4 17 20.0 295.0
22-4 17 20.0 281.0
22-4 17 21.7 312.0
22-4 17 21.7 330.0
22-4 17 20.9 324.0
22-4 17 21.7 316.0
22-4 17 18.2 359.0
22-4 17 15.6 359.0
22-4 17 20.0 359.0
22-4 17 17.4 359.0
22-4 17 20.0 311.0
22-4 17 26.1 317.0
22-4 17 22.6 318.0
22-4 17 20.0 329.0
22-4 17 20.9 331.0
22-4 17 20.9 359.0
22-4 17 13.0 302.0
22-4 18 18.2 359.0
22-4 18 21.7 354.0
22-4 18 19.1 328.0
22-4 18 24.3 359.0
22-4 18 20.9 337.0
22-4 18 20.9 319.0
22-4 18 15.6 330.0
22-4 18 24.3 359.0
22-4 18 20.0 345.0
22-4 18 16.5 337.0
22-4 18 21.7 335.0
22-4 18 18.2 343.0
22-4 18 20.0 316.0
22-4 18 15.6 354.0
22-4 18 14.8 4.0
22-4 18 25.2 293.0
22-4 18 23.5 359.0
22-4 18 25.2 359.0
22-4 18 21.7 359.0
22-4 18 20.0 318.0
22-4 18 22.6 345.0
22-4 18 23.5 314.0
22-4 18 20.9 359.0
22-4 18 21.7 311.0
22-4 18 20.0 8.0
22-4 18 16.5 325.0
22-4 18 19.1 359.0
22-4 18 19.1 347.0
22-4 18 18.2 297.0
22-4 18 20.9 19.0
22-4 19 22.6 359.0
22-4 19 23.5 346.0
22-4 19 24.3 328.0
22-4 19 18.2 326.0
22-4 19 18.2 4.0
22-4 19 20.0 350.0
22-4 19 19.1 359.0
22-4 19 22.6 359.0
22-4 19 22.6 359.0
22-4 19 24.3 359.0
22-4 19 18.2 350.0
22-4 19 13.9 359.0
22-4 19 15.6 36.0
22-4 19 19.1 350.0
22-4 19 21.7 320.0
22-4 19 28.7 359.0
22-4 19 22.6 348.0
22-4 19 22.6 334.0
22-4 19 15.6 359.0
22-4 19 16.5 348.0
22-4 19 23.5 345.0
22-4 19 17.4 4.0
22-4 19 19.1 8.0
22-4 19 13.9 359.0
22-4 19 21.7 339.0
22-4 19 18.2 354.0
22-4 19 27.8 334.0
22-4 19 19.1 336.0
22-4 19 17.4 359.0
22-4 19 20.9 359.0
22-4 20 16.5 359.0
22-4 20 14.8 359.0
22-4 20 15.6 335.0
22-4 20 20.0 359.0
22-4 20 21.7 319.0
22-4 20 19.1 359.0
22-4 20 18.2 335.0
22-4 20 14.8 359.0
22-4 20 14.8 335.0
22-4 20 18.2 350.0
22-4 20 19.1 359.0
22-4 20 15.6 322.0
22-4 20 21.7 341.0
22-4 20 20.0 350.0
22-4 20 18.2 359.0
22-4 20 23.5 359.0
22-4 20 19.1 347.0
22-4 20 25.2 8.0
22-4 20 21.7 316.0
22-4 20 13.9 324.0
22-4 20 23.5 359.0
22-4 20 17.4 359.0
22-4 20 15.6 359.0
22-4 20 20.9 354.0
22-4 20 23.5 359.0
22-4 20 18.2 8.0
22-4 20 20.9 359.0
22-4 20 20.9 350.0
22-4 20 20.9 342.0
22-4 20 13.9 359.0
22-4 21 24.3 359.0
22-4 21 23.5 359.0
22-4 21 21.7 359.0
22-4 21 20.0 359.0
22-4 21 17.4 359.0
22-4 21 20.0 8.0
22-4 21 24.3 359.0
22-4 21 25.2 328.0
22-4 21 23.5 335.0
22-4 21 20.9 335.0
22-4 21 18.2 340.0
22-4 21 19.1 323.0
22-4 21 24.3 335.0
22-4 21 21.7 345.0
22-4 21 14.8 303.0
22-4 21 16.5 332.0
22-4 21 16.5 359.0
22-4 21 18.2 359.0
22-4 21 22.6 359.0
22-4 21 20.9 347.0
22-4 21 15.6 350.0
22-4 21 18.2 359.0
22-4 21 15.6 359.0
22-4 21 26.1 359.0
22-4 21 20.9 359.0
22-4 21 16.5 303.0
22-4 21 18.2 341.0
22-4 21 16.5 359.0
22-4 21 20.9 359.0
22-4 21 18.2 359.0
22-4 22 18.2 332.0
22-4 22 26.9 359.0
22-4 22 19.1 333.0
22-4 22 21.7 359.0
22-4 22 20.0 4.0
22-4 22 22.6 329.0
22-4 22 24.3 341.0
22-4 22 20.9 346.0
22-4 22 20.9 359.0
22-4 22 17.4 346.0
22-4 22 19.1 19.0
22-4 22 21.7 332.0
22-4 22 14.8 359.0
22-4 22 20.0 323.0
22-4 22 19.1 359.0
22-4 22 17.4 332.0
22-4 22 22.6 324.0
22-4 22 16.5 359.0
22-4 22 21.7 359.0
22-4 22 19.1 359.0
22-4 22 20.0 345.0
22-4 22 20.9 359.0
22-4 22 19.1 341.0
22-4 22 16.5 359.0
22-4 22 16.5 345.0
22-4 22 20.0 359.0
22-4 22 18.2 332.0
22-4 22 20.9 359.0
22-4 22 20.0 337.0
22-4 22 16.5 359.0
22-4 23 18.2 349.0
22-4 23 17.4 12.0
22-4 23 18.2 342.0
22-4 23 19.1 359.0
22-4 23 18.2 4.0
22-4 23 22.6 9.0
22-4 23 16.5 359.0
22-4 23 20.9 343.0
22-4 23 13.9 334.0
22-4 23 19.1 326.0
22-4 23 21.7 342.0
22-4 23 14.8 315.0
22-4 23 20.0 359.0
22-4 23 20.9 337.0
22-4 23 17.4 343.0
22-4 23 19.1 359.0
22-4 23 14.8 359.0
22-4 23 20.9 336.0
22-4 23 19.1 311.0
22-4 23 18.2 4.0
22-4 23 18.2 359.0
22-4 23 17.4 343.0
22-4 23 20.9 348.0
22-4 23 17.4 4.0
22-4 23 22.6 359.0
22-4 23 21.7 359.0
22-4 23 18.2 359.0
22-4 23 18.2 359.0
22-4 23 13.9 4.0
22-4 23 15.6 359.0
