23-3 4 0.0 359.0
23-3 4 0.0 359.0
23-3 4 1.7 359.0
23-3 4 2.6 283.0
23-3 4 3.5 359.0
23-3 4 5.2 314.0
23-3 4 3.5 359.0
23-3 4 4.3 301.0
23-3 4 3.5 297.0
23-3 4 6.1 297.0
23-3 4 5.2 293.0
23-3 4 2.6 359.0
23-3 4 3.5 297.0
23-3 4 5.2 354.0
23-3 4 2.6 359.0
23-3 4 2.6 330.0
23-3 4 4.3 296.0
23-3 4 4.3 286.0
23-3 4 2.6 291.0
23-3 4 4.3 296.0
23-3 4 3.5 310.0
23-3 4 4.3 301.0
23-3 4 3.5 359.0
23-3 4 6.1 313.0
23-3 4 6.1 295.0
23-3 4 5.2 359.0
23-3 4 4.3 280.0
23-3 4 3.5 359.0
23-3 4 6.1 307.0
23-3 5 6.1 287.0
23-3 5 7.0 293.0
23-3 5 4.3 308.0
23-3 5 3.5 359.0
23-3 5 5.2 292.0
23-3 5 6.1 359.0
23-3 5 8.7 276.0
23-3 5 7.0 273.0
23-3 5 6.1 270.0
23-3 5 6.1 278.0
23-3 5 6.1 291.0
23-3 5 3.5 359.0
23-3 5 7.0 276.0
23-3 5 6.1 359.0
23-3 5 7.0 313.0
23-3 5 7.0 280.0
23-3 5 4.3 291.0
23-3 5 5.2 326.0
23-3 5 6.1 301.0
23-3 5 1.7 320.0
23-3 5 5.2 359.0
23-3 5 4.3 291.0
23-3 5 4.3 316.0
23-3 5 6.1 299.0
23-3 5 4.3 290.0
23-3 5 3.5 359.0
23-3 5 3.5 359.0
23-3 5 3.5 309.0
23-3 5 3.5 359.0
23-3 5 1.7 359.0
23-3 6 3.5 322.0
23-3 6 6.1 307.0
23-3 6 6.1 359.0
23-3 6 3.5 315.0
23-3 6 2.6 324.0
23-3 6 3.5 359.0
23-3 6 5.2 359.0
23-3 6 6.1 335.0
23-3 6 7.0 303.0
23-3 6 9.6 310.0
23-3 6 7.8 359.0
23-3 6 3.5 317.0
23-3 6 5.2 299.0
23-3 6 7.0 311.0
23-3 6 5.2 354.0
23-3 6 6.1 335.0
23-3 6 5.2 323.0
23-3 6 4.3 333.0
23-3 6 4.3 341.0
23-3 6 5.2 320.0
23-3 6 4.3 311.0
23-3 6 6.1 326.0
23-3 6 6.1 316.0
23-3 6 5.2 317.0
23-3 6 6.1 359.0
23-3 6 7.0 359.0
23-3 6 7.8 318.0
23-3 6 7.0 289.0
23-3 6 7.8 292.0
23-3 6 7.8 359.0
23-3 7 8.7 295.0
23-3 7 7.8 359.0
23-3 7 7.8 359.0
23-3 7 5.2 359.0
23-3 7 7.8 308.0
23-3 7 6.1 359.0
23-3 7 3.5 347.0
23-3 7 4.3 310.0
23-3 7 4.3 312.0
23-3 7 3.5 359.0
23-3 7 4.3 327.0
23-3 7 3.5 345.0
23-3 7 4.3 359.0
23-3 7 5.2 354.0
23-3 7 7.0 359.0
23-3 7 5.2 299.0
23-3 7 6.1 295.0
23-3 7 7.8 323.0
23-3 7 6.1 359.0
23-3 7 8.7 359.0
23-3 7 6.1 359.0
23-3 7 4.3 302.0
23-3 7 4.3 354.0
23-3 7 7.8 359.0
23-3 7 5.2 310.0
23-3 7 7.8 299.0
23-3 7 9.6 359.0
23-3 7 8.7 339.0
23-3 7 5.2 317.0
23-3 7 10.4 329.0
23-3 8 7.8 4.0
23-3 8 7.8 359.0
23-3 8 9.6 315.0
23-3 8 8.7 330.0
23-3 8 10.4 301.0
23-3 8 9.6 305.0
23-3 8 7.0 312.0
23-3 8 5.2 312.0
23-3 8 7.0 292.0
23-3 8 7.0 316.0
23-3 8 8.7 297.0
23-3 8 6.1 359.0
23-3 8 5.2 359.0
23-3 8 5.2 316.0
23-3 8 7.0 359.0
23-3 8 6.1 359.0
23-3 8 8.7 343.0
23-3 8 7.0 8.0
23-3 8 8.7 313.0
23-3 8 7.0 359.0
23-3 8 6.1 340.0
23-3 8 3.5 337.0
23-3 8 8.7 8.0
23-3 8 8.7 320.0
23-3 8 7.0 359.0
23-3 8 7.8 296.0
23-3 8 3.5 342.0
23-3 8 9.6 359.0
23-3 8 7.8 332.0
23-3 8 7.8 12.0
23-3 9 5.2 359.0
23-3 9 7.0 359.0
23-3 9 8.7 344.0
23-3 9 7.8 354.0
23-3 9 7.8 8.0
23-3 9 6.1 327.0
23-3 9 7.0 332.0
23-3 9 4.3 359.0
23-3 9 5.2 332.0
23-3 9 7.8 359.0
23-3 9 7.8 320.0
23-3 9 3.5 322.0
23-3 9 6.1 359.0
23-3 9 5.2 326.0
23-3 9 7.8 319.0
23-3 9 8.7 359.0
23-3 9 7.0 304.0
23-3 9 7.0 359.0
23-3 9 7.0 335.0
23-3 9 8.7 359.0
23-3 9 6.1 311.0
23-3 9 4.3 308.0
23-3 9 8.7 338.0
23-3 9 6.1 305.0
23-3 9 7.8 359.0
23-3 9 11.3 309.0
23-3 9 8.7 339.0
23-3 9 8.7 314.0
23-3 9 7.8 359.0
23-3 9 8.7 359.0
23-3 10 9.6 331.0
23-3 10 7.8 359.0
23-3 10 8.7 350.0
23-3 10 11.3 354.0
23-3 10 7.0 359.0
23-3 10 6.1 316.0
23-3 10 8.7 359.0
23-3 10 8.7 299.0
23-3 10 7.0 337.0
23-3 10 5.2 341.0
23-3 10 7.0 359.0
23-3 10 9.6 312.0
23-3 10 5.2 318.0
23-3 10 5.2 297.0
23-3 10 6.1 287.0
23-3 10 6.1 312.0
23-3 10 7.0 359.0
23-3 10 8.7 359.0
23-3 10 7.8 296.0
23-3 10 7.8 302.0
23-3 10 9.6 8.0
23-3 10 8.7 305.0
23-3 10 7.8 319.0
23-3 10 11.3 359.0
23-3 10 9.6 314.0
23-3 10 11.3 359.0
23-3 10 7.8 278.0
23-3 10 10.4 320.0
23-3 10 9.6 315.0
23-3 10 7.8 296.0
23-3 11 9.6 359.0
23-3 11 12.2 305.0
23-3 11 11.3 359.0
23-3 11 9.6 359.0
23-3 11 9.6 327.0
23-3 11 10.4 314.0
23-3 11 11.3 316.0
23-3 11 10.4 318.0
23-3 11 11.3 318.0
23-3 11 10.4 359.0
23-3 11 13.0 359.0
23-3 11 12.2 359.0
23-3 11 8.7 359.0
23-3 11 9.6 301.0
23-3 11 8.7 323.0
23-3 11 11.3 359.0
23-3 11 9.6 359.0
23-3 11 9.6 312.0
23-3 11 10.4 316.0
23-3 11 9.6 319.0
23-3 11 7.0 304.0
23-3 11 9.6 304.0
23-3 11 7.8 314.0
23-3 11 12.2 359.0
23-3 11 13.0 317.0
23-3 11 9.6 347.0
23-3 11 10.4 359.0
23-3 11 13.9 339.0
23-3 11 9.6 330.0
23-3 11 10.4 299.0
23-3 12 10.4 320.0
23-3 12 14.8 359.0
23-3 12 14.8 316.0
23-3 12 11.3 359.0
23-3 12 13.0 359.0
23-3 12 11.3 343.0
23-3 12 14.8 359.0
23-3 12 12.2 359.0
23-3 12 9.6 292.0
23-3 12 11.3 52.0
23-3 12 13.9 295.0
23-3 12 14.8 359.0
23-3 12 13.9 298.0
23-3 12 13.0 283.0
23-3 12 14.8 298.0
23-3 12 14.8 325.0
23-3 12 13.9 359.0
23-3 12 12.2 299.0
23-3 12 15.6 285.0
23-3 12 13.0 267.0
23-3 12 17.4 280.0
23-3 12 14.8 295.0
23-3 12 14.8 359.0
23-3 12 14.8 281.0
23-3 12 14.8 293.0
23-3 12 16.5 284.0
23-3 12 12.2 288.0
23-3 12 13.0 277.0
23-3 12 8.7 287.0
23-3 12 11.3 302.0
23-3 13 10.4 296.0
23-3 13 12.2 299.0
23-3 13 10.4 359.0
23-3 13 10.4 297.0
23-3 13 13.9 299.0
23-3 13 17.4 297.0
23-3 13 13.9 302.0
23-3 13 13.0 290.0
23-3 13 18.2 359.0
23-3 13 13.9 284.0
23-3 13 16.5 288.0
23-3 13 13.0 297.0
23-3 13 18.2 285.0
23-3 13 19.1 297.0
23-3 13 14.8 258.0
23-3 13 13.9 277.0
23-3 13 13.9 284.0
23-3 13 14.8 283.0
23-3 13 13.9 292.0
23-3 13 19.1 295.0
23-3 13 15.6 294.0
23-3 13 14.8 305.0
23-3 13 10.4 290.0
23-3 13 17.4 307.0
23-3 13 10.4 309.0
23-3 13 13.0 291.0
23-3 13 14.8 275.0
23-3 13 16.5 297.0
23-3 13 11.3 300.0
23-3 13 14.8 292.0
23-3 14 13.9 297.0
23-3 14 14.8 282.0
23-3 14 13.0 299.0
23-3 14 12.2 296.0
23-3 14 14.8 359.0
23-3 14 14.8 293.0
23-3 14 12.2 289.0
23-3 14 17.4 281.0
23-3 14 13.9 291.0
23-3 14 16.5 322.0
23-3 14 16.5 290.0
23-3 14 16.5 304.0
23-3 14 13.9 298.0
23-3 14 14.8 297.0
23-3 14 13.0 302.0
23-3 14 15.6 288.0
23-3 14 12.2 303.0
23-3 14 13.0 359.0
23-3 14 10.4 287.0
23-3 14 13.9 359.0
23-3 14 18.2 359.0
23-3 14 13.0 306.0
23-3 14 10.4 359.0
23-3 14 12.2 294.0
23-3 14 15.6 295.0
23-3 14 14.8 306.0
23-3 14 15.6 359.0
23-3 14 13.0 359.0
23-3 14 16.5 304.0
23-3 14 13.9 359.0
23-3 15 13.9 293.0
23-3 15 13.0 305.0
23-3 15 12.2 295.0
23-3 15 13.9 289.0
23-3 15 13.0 359.0
23-3 15 13.0 303.0
23-3 15 10.4 359.0
23-3 15 15.6 359.0
23-3 15 12.2 302.0
23-3 15 9.6 359.0
23-3 15 11.3 291.0
23-3 15 11.3 272.0
23-3 15 10.4 288.0
23-3 15 12.2 318.0
23-3 15 12.2 322.0
23-3 15 13.0 359.0
23-3 15 17.4 309.0
23-3 15 10.4 325.0
23-3 15 13.9 310.0
23-3 15 7.0 300.0
23-3 15 12.2 332.0
23-3 15 13.0 336.0
23-3 15 11.3 311.0
23-3 15 12.2 302.0
23-3 15 12.2 312.0
23-3 15 13.0 359.0
23-3 15 10.4 287.0
23-3 15 11.3 312.0
23-3 15 11.3 359.0
23-3 15 9.6 330.0
23-3 16 12.2 335.0
23-3 16 10.4 314.0
23-3 16 9.6 307.0
23-3 16 10.4 299.0
23-3 16 10.4 269.0
23-3 16 11.3 265.0
23-3 16 10.4 359.0
23-3 16 8.7 280.0
23-3 16 8.7 359.0
23-3 16 15.6 268.0
23-3 16 7.8 359.0
23-3 16 13.9 262.0
23-3 16 13.0 254.0
23-3 16 11.3 359.0
23-3 16 10.4 253.0
23-3 16 12.2 276.0
23-3 16 13.9 359.0
23-3 16 12.2 359.0
23-3 16 12.2 283.0
23-3 16 9.6 250.0
23-3 16 14.8 268.0
23-3 16 11.3 261.0
23-3 16 11.3 266.0
23-3 16 11.3 262.0
23-3 16 9.6 253.0
23-3 16 10.4 254.0
23-3 16 9.6 246.0
23-3 16 10.4 276.0
23-3 16 11.3 265.0
23-3 16 13.0 275.0
23-3 17 12.2 263.0
23-3 17 11.3 239.0
23-3 17 9.6 289.0
23-3 17 13.0 281.0
23-3 17 6.1 276.0
23-3 17 8.7 277.0
23-3 17 12.2 269.0
23-3 17 13.9 271.0
23-3 17 15.6 273.0
23-3 17 13.0 270.0
23-3 17 8.7 276.0
23-3 17 12.2 270.0
23-3 17 12.2 274.0
23-3 17 15.6 263.0
23-3 17 10.4 277.0
23-3 17 10.4 359.0
23-3 17 14.8 279.0
23-3 17 14.8 253.0
23-3 17 19.1 278.0
23-3 17 13.0 359.0
23-3 17 18.2 359.0
23-3 17 14.8 258.0
23-3 17 12.2 274.0
23-3 17 13.0 359.0
23-3 17 13.0 237.0
23-3 17 7.8 359.0
23-3 17 13.0 276.0
23-3 17 10.4 280.0
23-3 17 13.0 258.0
23-3 17 13.0 267.0
23-3 18 10.4 359.0
23-3 18 10.4 258.0
23-3 18 8.7 243.0
23-3 18 9.6 359.0
23-3 18 9.6 250.0
23-3 18 9.6 359.0
23-3 18 7.8 268.0
23-3 18 9.6 270.0
23-3 18 9.6 359.0
23-3 18 7.8 299.0
23-3 18 7.0 287.0
23-3 18 6.1 359.0
23-3 18 7.8 276.0
23-3 18 8.7 275.0
23-3 18 4.3 359.0
23-3 18 4.3 274.0
23-3 18 4.3 326.0
23-3 18 6.1 304.0
23-3 18 7.0 304.0
23-3 18 8.7 305.0
23-3 18 8.7 359.0
23-3 18 9.6 308.0
23-3 18 7.0 324.0
23-3 18 7.0 359.0
23-3 18 7.8 359.0
23-3 18 7.0 297.0
23-3 18 7.0 359.0
23-3 18 7.8 316.0
23-3 18 7.0 295.0
23-3 18 7.0 359.0
23-3 19 7.8 359.0
23-3 19 8.7 359.0
23-3 19 8.7 359.0
23-3 19 8.7 330.0
23-3 19 9.6 310.0
23-3 19 8.7 326.0
23-3 19 7.0 319.0
23-3 19 8.7 296.0
23-3 19 5.2 333.0
23-3 19 8.7 323.0
23-3 19 9.6 315.0
23-3 19 8.7 359.0
23-3 19 7.8 318.0
23-3 19 9.6 303.0
23-3 19 7.0 322.0
23-3 19 7.8 308.0
23-3 19 9.6 305.0
23-3 19 9.6 315.0
23-3 19 5.2 359.0
23-3 19 10.4 359.0
23-3 19 11.3 322.0
23-3 19 9.6 314.0
23-3 19 9.6 276.0
23-3 19 9.6 299.0
23-3 19 9.6 300.0
23-3 19 10.4 303.0
23-3 19 10.4 305.0
23-3 19 12.2 316.0
23-3 19 8.7 308.0
23-3 19 8.7 328.0
23-3 20 8.7 346.0
23-3 20 11.3 359.0
23-3 20 9.6 282.0
23-3 20 13.0 305.0
23-3 20 13.0 316.0
23-3 20 10.4 299.0
23-3 20 12.2 320.0
23-3 20 8.7 359.0
23-3 20 7.8 359.0
23-3 20 12.2 322.0
23-3 20 9.6 359.0
23-3 20 11.3 322.0
23-3 20 13.9 316.0
23-3 20 11.3 359.0
23-3 20 8.7 294.0
23-3 20 9.6 359.0
23-3 20 13.0 313.0
23-3 20 10.4 359.0
23-3 20 11.3 287.0
23-3 20 10.4 359.0
23-3 20 9.6 359.0
23-3 20 10.4 320.0
23-3 20 14.8 359.0
23-3 20 12.2 311.0
23-3 20 13.9 314.0
23-3 20 14.8 305.0
23-3 20 13.9 359.0
23-3 20 10.4 311.0
23-3 20 11.3 304.0
23-3 20 13.0 301.0
23-3 21 10.4 318.0
23-3 21 15.6 301.0
23-3 21 9.6 296.0
23-3 21 13.9 291.0
23-3 21 7.8 301.0
23-3 21 11.3 293.0
23-3 21 13.0 310.0
23-3 21 11.3 297.0
23-3 21 12.2 312.0
23-3 21 11.3 295.0
23-3 21 7.8 324.0
23-3 21 11.3 286.0
23-3 21 13.9 307.0
23-3 21 13.0 303.0
23-3 21 11.3 311.0
23-3 21 8.7 324.0
23-3 21 7.8 292.0
23-3 21 11.3 359.0
23-3 21 10.4 285.0
23-3 21 10.4 300.0
23-3 21 13.0 314.0
23-3 21 7.0 314.0
23-3 21 10.4 289.0
23-3 21 9.6 274.0
23-3 21 9.6 359.0
23-3 21 10.4 292.0
23-3 21 8.7 277.0
23-3 21 10.4 359.0
23-3 21 11.3 359.0
23-3 21 8.7 308.0
23-3 22 7.8 359.0
23-3 22 11.3 306.0
23-3 22 15.6 341.0
23-3 22 13.0 314.0
23-3 22 10.4 314.0
23-3 22 9.6 324.0
23-3 22 10.4 330.0
23-3 22 12.2 297.0
23-3 22 12.2 312.0
23-3 22 15.6 359.0
23-3 22 12.2 334.0
23-3 22 9.6 314.0
23-3 22 15.6 309.0
23-3 22 15.6 317.0
23-3 22 13.0 290.0
23-3 22 14.8 310.0
23-3 22 9.6 359.0
23-3 22 14.8 320.0
23-3 22 17.4 312.0
23-3 22 13.0 312.0
23-3 22 11.3 322.0
23-3 22 14.8 312.0
23-3 22 15.6 311.0
23-3 22 14.8 319.0
23-3 22 15.6 322.0
23-3 22 13.9 314.0
23-3 22 12.2 307.0
23-3 22 13.9 359.0
23-3 22 17.4 321.0
23-3 22 11.3 315.0
23-3 23 11.3 311.0
23-3 23 7.0 359.0
23-3 23 12.2 316.0
23-3 23 9.6 284.0
23-3 23 13.0 295.0
23-3 23 12.2 298.0
23-3 23 11.3 342.0
23-3 23 12.2 321.0
23-3 23 12.2 359.0
23-3 23 13.9 359.0
23-3 23 13.9 359.0
23-3 23 11.3 359.0
23-3 23 15.6 339.0
23-3 23 12.2 359.0
23-3 23 9.6 359.0
23-3 23 11.3 328.0
23-3 23 12.2 308.0
23-3 23 13.0 359.0
23-3 23 12.2 327.0
23-3 23 14.8 317.0
23-3 23 12.2 318.0
23-3 23 13.9 321.0
23-3 23 12.2 359.0
23-3 23 11.3 359.0
23-3 23 12.2 324.0
23-3 23 11.3 35.0
23-3 23 15.6 312.0
23-3 23 13.0 325.0
23-3 23 11.3 331.0
23-3 23 13.0 359.0
