23-4 5 12.2 359.0
23-4 5 14.8 332.0
23-4 5 13.9 348.0
23-4 5 13.9 359.0
23-4 5 15.6 359.0
23-4 5 17.4 337.0
23-4 5 16.5 322.0
23-4 5 16.5 359.0
23-4 5 13.9 359.0
23-4 5 15.6 359.0
23-4 5 12.2 340.0
23-4 5 10.4 334.0
23-4 5 14.8 12.0
23-4 5 14.8 359.0
23-4 5 13.9 4.0
23-4 5 17.4 359.0
23-4 5 13.0 276.0
23-4 5 19.1 337.0
23-4 5 19.1 324.0
23-4 5 16.5 350.0
23-4 5 10.4 359.0
23-4 5 18.2 323.0
23-4 5 13.9 359.0
23-4 5 15.6 344.0
23-4 5 13.0 326.0
23-4 5 13.0 344.0
23-4 5 15.6 359.0
23-4 5 14.8 329.0
23-4 5 16.5 299.0
23-4 5 11.3 359.0
23-4 6 14.8 359.0
23-4 6 13.9 359.0
23-4 6 14.8 317.0
23-4 6 15.6 10.0
23-4 6 11.3 331.0
23-4 6 14.8 359.0
23-4 6 13.0 9.0
23-4 6 18.2 359.0
23-4 6 14.8 340.0
23-4 6 14.8 8.0
23-4 6 14.8 335.0
23-4 6 11.3 335.0
23-4 6 13.0 359.0
23-4 6 13.9 30.0
23-4 6 16.5 4.0
23-4 6 17.4 334.0
23-4 6 8.7 359.0
23-4 6 12.2 328.0
23-4 6 13.9 359.0
23-4 6 13.0 359.0
23-4 6 13.0 354.0
23-4 6 13.0 4.0
23-4 6 15.6 4.0
23-4 6 15.6 333.0
23-4 6 13.0 314.0
23-4 6 13.0 359.0
23-4 6 10.4 359.0
23-4 6 9.6 359.0
23-4 6 14.8 326.0
23-4 6 17.4 359.0
23-4 7 13.9 304.0
23-4 7 14.8 359.0
23-4 7 9.6 359.0
23-4 7 11.3 308.0
23-4 7 14.8 347.0
23-4 7 16.5 359.0
23-4 7 13.9 299.0
23-4 7 13.9 359.0
23-4 7 13.0 322.0
23-4 7 20.0 301.0
23-4 7 13.0 320.0
23-4 7 11.3 332.0
23-4 7 15.6 287.0
23-4 7 18.2 359.0
23-4 7 15.6 359.0
23-4 7 20.0 297.0
23-4 7 18.2 273.0
23-4 7 18.2 359.0
23-4 7 16.5 359.0
23-4 7 16.5 359.0
23-4 7 15.6 359.0
23-4 7 13.0 312.0
23-4 7 21.7 359.0
23-4 7 12.2 347.0
23-4 7 15.6 359.0
23-4 7 18.2 343.0
23-4 7 17.4 349.0
23-4 7 14.8 359.0
23-4 7 11.3 359.0
23-4 7 16.5 359.0
23-4 8 13.9 348.0
23-4 8 17.4 294.0
23-4 8 13.0 344.0
23-4 8 13.9 344.0
23-4 8 13.0 359.0
23-4 8 11.3 306.0
23-4 8 16.5 359.0
23-4 8 12.2 359.0
23-4 8 12.2 317.0
23-4 8 11.3 359.0
23-4 8 13.9 359.0
23-4 8 15.6 359.0
23-4 8 13.9 326.0
23-4 8 17.4 359.0
23-4 8 13.9 359.0
23-4 8 10.4 359.0
23-4 8 12.2 4.0
23-4 8 12.2 336.0
23-4 8 18.2 359.0
23-4 8 16.5 354.0
23-4 8 15.6 328.0
23-4 8 13.0 345.0
23-4 8 13.0 335.0
23-4 8 11.3 321.0
23-4 8 14.8 359.0
23-4 8 13.9 359.0
23-4 8 17.4 359.0
23-4 8 14.8 359.0
23-4 8 15.6 359.0
23-4 8 15.6 332.0
23-4 9 14.8 322.0
23-4 9 13.9 12.0
23-4 9 15.6 338.0
23-4 9 15.6 359.0
23-4 9 13.9 359.0
23-4 9 12.2 325.0
23-4 9 11.3 359.0
23-4 9 11.3 316.0
23-4 9 15.6 339.0
23-4 9 13.9 341.0
23-4 9 18.2 337.0
23-4 9 13.9 359.0
23-4 9 14.8 359.0
23-4 9 15.6 328.0
23-4 9 15.6 359.0
23-4 9 13.9 359.0
23-4 9 14.8 359.0
23-4 9 17.4 339.0
23-4 9 14.8 337.0
23-4 9 12.2 359.0
23-4 9 13.0 359.0
23-4 9 16.5 349.0
23-4 9 15.6 359.0
23-4 9 17.4 339.0
23-4 9 18.2 4.0
23-4 9 12.2 359.0
23-4 9 15.6 359.0
23-4 9 15.6 359.0
23-4 9 13.0 349.0
23-4 9 15.6 330.0
23-4 10 14.8 359.0
23-4 10 15.6 359.0
23-4 10 15.6 345.0
23-4 10 15.6 359.0
23-4 10 14.8 359.0
23-4 10 13.9 359.0
23-4 10 11.3 314.0
23-4 10 14.8 341.0
23-4 10 11.3 8.0
23-4 10 14.8 339.0
23-4 10 13.0 359.0
23-4 10 13.0 348.0
23-4 10 12.2 359.0
23-4 10 8.7 347.0
23-4 10 11.3 348.0
23-4 10 9.6 303.0
23-4 10 11.3 291.0
23-4 10 12.2 343.0
23-4 10 12.2 359.0
23-4 10 13.0 359.0
23-4 10 13.0 359.0
23-4 10 11.3 338.0
23-4 10 13.0 359.0
23-4 10 13.9 359.0
23-4 10 13.0 359.0
23-4 10 11.3 319.0
23-4 10 10.4 359.0
23-4 10 13.9 320.0
23-4 10 13.9 328.0
23-4 10 13.0 341.0
23-4 11 14.8 339.0
23-4 11 11.3 333.0
23-4 11 13.0 359.0
23-4 11 10.4 359.0
23-4 11 13.0 359.0
23-4 11 13.9 33.0
23-4 11 11.3 337.0
23-4 11 9.6 313.0
23-4 11 12.2 301.0
23-4 11 10.4 328.0
23-4 11 11.3 359.0
23-4 11 10.4 359.0
23-4 11 12.2 14.0
23-4 11 12.2 335.0
23-4 11 7.8 359.0
23-4 11 13.0 312.0
23-4 11 13.0 359.0
23-4 11 9.6 336.0
23-4 11 13.9 326.0
23-4 11 13.0 341.0
23-4 11 9.6 359.0
23-4 11 12.2 310.0
23-4 11 11.3 335.0
23-4 11 11.3 345.0
23-4 11 10.4 322.0
23-4 11 8.7 359.0
23-4 11 8.7 335.0
23-4 11 7.0 314.0
23-4 11 14.8 330.0
23-4 11 11.3 359.0
23-4 12 7.8 332.0
23-4 12 9.6 359.0
23-4 12 9.6 359.0
23-4 12 6.1 323.0
23-4 12 13.0 359.0
23-4 12 10.4 318.0
23-4 12 11.3 359.0
23-4 12 8.7 293.0
23-4 12 13.0 323.0
23-4 12 13.0 359.0
23-4 12 9.6 316.0
23-4 12 9.6 311.0
23-4 12 13.0 359.0
23-4 12 13.9 316.0
23-4 12 11.3 359.0
23-4 12 11.3 283.0
23-4 12 10.4 303.0
23-4 12 10.4 305.0
23-4 12 10.4 321.0
23-4 12 12.2 359.0
23-4 12 11.3 293.0
23-4 12 11.3 299.0
23-4 12 11.3 298.0
23-4 12 14.8 359.0
23-4 12 11.3 359.0
23-4 12 13.9 359.0
23-4 12 9.6 302.0
23-4 12 13.9 359.0
23-4 12 10.4 313.0
23-4 12 10.4 359.0
23-4 13 13.9 302.0
23-4 13 13.0 359.0
23-4 13 13.9 295.0
23-4 13 13.9 359.0
23-4 13 12.2 359.0
23-4 13 13.0 304.0
23-4 13 13.9 359.0
23-4 13 14.8 359.0
23-4 13 15.6 359.0
23-4 13 14.8 359.0
23-4 13 9.6 359.0
23-4 13 17.4 359.0
23-4 13 12.2 294.0
23-4 13 13.0 302.0
23-4 13 8.7 297.0
23-4 13 13.9 359.0
23-4 13 8.7 359.0
23-4 13 13.9 359.0
23-4 13 17.4 359.0
23-4 13 12.2 305.0
23-4 13 14.8 359.0
23-4 13 16.5 359.0
23-4 13 16.5 309.0
23-4 13 13.9 283.0
23-4 13 14.8 326.0
23-4 13 13.9 359.0
23-4 13 11.3 359.0
23-4 13 10.4 296.0
23-4 13 19.1 307.0
23-4 13 15.6 359.0
23-4 14 20.0 359.0
23-4 14 19.1 299.0
23-4 14 16.5 297.0
23-4 14 15.6 359.0
23-4 14 16.5 305.0
23-4 14 11.3 359.0
23-4 14 13.9 359.0
23-4 14 15.6 297.0
23-4 14 13.9 308.0
23-4 14 11.3 359.0
23-4 14 15.6 359.0
23-4 14 15.6 359.0
23-4 14 15.6 318.0
23-4 14 13.0 359.0
23-4 14 13.9 272.0
23-4 14 16.5 295.0
23-4 14 14.8 323.0
23-4 14 16.5 297.0
23-4 14 13.9 359.0
23-4 14 13.9 359.0
23-4 14 11.3 359.0
23-4 14 13.0 295.0
23-4 14 16.5 291.0
23-4 14 18.2 359.0
23-4 14 18.2 312.0
23-4 14 17.4 330.0
23-4 14 13.0 311.0
23-4 14 13.9 289.0
23-4 14 13.0 296.0
23-4 14 16.5 297.0
23-4 15 13.9 302.0
23-4 15 15.6 287.0
23-4 15 10.4 332.0
23-4 15 13.0 292.0
23-4 15 16.5 301.0
23-4 15 15.6 310.0
23-4 15 11.3 293.0
23-4 15 10.4 359.0
23-4 15 13.0 333.0
23-4 15 14.8 319.0
23-4 15 13.9 359.0
23-4 15 12.2 289.0
23-4 15 14.8 359.0
23-4 15 11.3 304.0
23-4 15 7.8 359.0
23-4 15 15.6 359.0
23-4 15 18.2 359.0
23-4 15 12.2 324.0
23-4 15 12.2 327.0
23-4 15 13.0 339.0
23-4 15 9.6 304.0
23-4 15 14.8 359.0
23-4 15 13.0 296.0
23-4 15 14.8 354.0
23-4 15 18.2 317.0
23-4 15 16.5 308.0
23-4 15 16.5 320.0
23-4 15 13.0 359.0
23-4 15 15.6 359.0
23-4 15 17.4 359.0
23-4 16 16.5 359.0
23-4 16 13.9 359.0
23-4 16 17.4 359.0
23-4 16 13.9 359.0
23-4 16 14.8 359.0
23-4 16 13.0 359.0
23-4 16 18.2 301.0
23-4 16 17.4 359.0
23-4 16 17.4 359.0
23-4 16 13.9 310.0
23-4 16 17.4 359.0
23-4 16 11.3 359.0
23-4 16 11.3 359.0
23-4 16 16.5 359.0
23-4 16 20.0 359.0
23-4 16 16.5 359.0
23-4 16 16.5 299.0
23-4 16 21.7 359.0
23-4 16 16.5 359.0
23-4 16 16.5 317.0
23-4 16 16.5 359.0
23-4 16 13.9 337.0
23-4 16 20.9 359.0
23-4 16 14.8 308.0
23-4 16 13.0 289.0
23-4 16 15.6 321.0
23-4 16 18.2 359.0
23-4 16 19.1 320.0
23-4 16 13.0 299.0
23-4 16 14.8 303.0
23-4 17 16.5 298.0
23-4 17 17.4 314.0
23-4 17 19.1 359.0
23-4 17 14.8 359.0
23-4 17 20.9 359.0
23-4 17 16.5 324.0
23-4 17 19.1 359.0
23-4 17 17.4 330.0
23-4 17 11.3 359.0
23-4 17 18.2 359.0
23-4 17 18.2 332.0
23-4 17 11.3 8.0
23-4 17 15.6 313.0
23-4 17 16.5 310.0
23-4 17 16.5 359.0
23-4 17 20.0 359.0
23-4 17 16.5 359.0
23-4 17 14.8 347.0
23-4 17 18.2 310.0
23-4 17 13.0 21.0
23-4 17 15.6 15.0
23-4 17 13.0 359.0
23-4 17 16.5 359.0
23-4 17 20.0 289.0
23-4 17 16.5 359.0
23-4 17 14.8 359.0
23-4 17 19.1 335.0
23-4 17 19.1 345.0
23-4 17 15.6 321.0
23-4 17 20.9 327.0
23-4 18 16.5 308.0
23-4 18 14.8 359.0
23-4 18 11.3 359.0
23-4 18 20.9 359.0
23-4 18 18.2 328.0
23-4 18 13.9 324.0
23-4 18 17.4 324.0
23-4 18 18.2 334.0
23-4 18 11.3 332.0
23-4 18 18.2 313.0
23-4 18 21.7 301.0
23-4 18 17.4 359.0
23-4 18 18.2 359.0
23-4 18 16.5 359.0
23-4 18 19.1 359.0
23-4 18 20.9 312.0
23-4 18 14.8 303.0
23-4 18 15.6 359.0
23-4 18 11.3 323.0
23-4 18 18.2 343.0
23-4 18 16.5 354.0
23-4 18 14.8 359.0
23-4 18 18.2 274.0
23-4 18 16.5 299.0
23-4 18 13.0 359.0
23-4 18 16.5 302.0
23-4 18 15.6 359.0
23-4 18 13.9 359.0
23-4 18 16.5 359.0
23-4 18 20.0 4.0
23-4 19 16.5 314.0
23-4 19 19.1 359.0
23-4 19 22.6 359.0
23-4 19 20.0 339.0
23-4 19 18.2 359.0
23-4 19 18.2 324.0
23-4 19 16.5 359.0
23-4 19 18.2 359.0
23-4 19 17.4 342.0
23-4 19 22.6 330.0
23-4 19 16.5 326.0
23-4 19 12.2 8.0
23-4 19 12.2 359.0
23-4 19 21.7 303.0
23-4 19 13.0 341.0
23-4 19 25.2 291.0
23-4 19 20.9 359.0
23-4 19 19.1 359.0
23-4 19 22.6 349.0
23-4 19 20.9 359.0
23-4 19 20.9 359.0
23-4 19 24.3 359.0
23-4 19 18.2 359.0
23-4 19 20.0 359.0
23-4 19 23.5 322.0
23-4 19 16.5 319.0
23-4 19 17.4 313.0
23-4 19 17.4 327.0
23-4 19 14.8 359.0
23-4 19 19.1 327.0
23-4 20 24.3 359.0
23-4 20 18.2 342.0
23-4 20 17.4 302.0
23-4 20 25.2 4.0
23-4 20 15.6 316.0
23-4 20 16.5 327.0
23-4 20 21.7 332.0
23-4 20 15.6 359.0
23-4 20 22.6 4.0
23-4 20 17.4 359.0
23-4 20 19.1 310.0
23-4 20 21.7 359.0
23-4 20 16.5 317.0
23-4 20 18.2 337.0
23-4 20 19.1 347.0
23-4 20 16.5 334.0
23-4 20 16.5 359.0
23-4 20 16.5 341.0
23-4 20 18.2 8.0
23-4 20 16.5 344.0
23-4 20 14.8 300.0
23-4 20 21.7 329.0
23-4 20 16.5 23.0
23-4 20 21.7 325.0
23-4 20 15.6 319.0
23-4 20 16.5 359.0
23-4 20 24.3 359.0
23-4 20 13.9 337.0
23-4 20 20.9 359.0
23-4 20 22.6 4.0
23-4 21 20.9 319.0
23-4 21 16.5 359.0
23-4 21 19.1 305.0
23-4 21 19.1 322.0
23-4 21 26.9 359.0
23-4 21 18.2 359.0
23-4 21 16.5 335.0
23-4 21 20.0 328.0
23-4 21 18.2 8.0
23-4 21 20.9 359.0
23-4 21 15.6 359.0
23-4 21 20.9 315.0
23-4 21 21.7 320.0
23-4 21 17.4 359.0
23-4 21 20.0 339.0
23-4 21 19.1 338.0
23-4 21 19.1 359.0
23-4 21 16.5 321.0
23-4 21 17.4 359.0
23-4 21 18.2 330.0
23-4 21 18.2 307.0
23-4 21 15.6 340.0
23-4 21 20.0 21.0
23-4 21 20.9 359.0
23-4 21 13.0 4.0
23-4 21 17.4 359.0
23-4 21 21.7 12.0
23-4 21 16.5 359.0
23-4 21 17.4 359.0
23-4 21 20.0 32.0
23-4 22 20.9 343.0
23-4 22 15.6 359.0
23-4 22 15.6 359.0
23-4 22 20.0 347.0
23-4 22 15.6 359.0
23-4 22 13.0 324.0
23-4 22 18.2 329.0
23-4 22 19.1 330.0
23-4 22 18.2 305.0
23-4 22 18.2 359.0
23-4 22 14.8 347.0
23-4 22 21.7 359.0
23-4 22 16.5 349.0
23-4 22 16.5 319.0
23-4 22 18.2 341.0
23-4 22 19.1 359.0
23-4 22 19.1 320.0
23-4 22 16.5 359.0
23-4 22 20.0 359.0
23-4 22 15.6 333.0
23-4 22 16.5 339.0
23-4 22 20.9 359.0
23-4 22 17.4 359.0
23-4 22 22.6 359.0
23-4 22 13.9 359.0
23-4 22 15.6 354.0
23-4 22 13.0 354.0
23-4 22 20.9 348.0
23-4 22 20.9 314.0
23-4 22 20.0 359.0
23-4 23 16.5 307.0
23-4 23 17.4 359.0
23-4 23 19.1 20.0
23-4 23 15.6 359.0
23-4 23 15.6 336.0
23-4 23 13.9 4.0
23-4 23 16.5 359.0
23-4 23 13.0 341.0
23-4 23 13.9 322.0
23-4 23 13.0 325.0
23-4 23 17.4 359.0
23-4 23 14.8 305.0
23-4 23 15.6 323.0
23-4 23 13.9 335.0
23-4 23 19.1 316.0
23-4 23 18.2 359.0
23-4 23 14.8 359.0
23-4 23 12.2 319.0
23-4 23 14.8 316.0
23-4 23 19.1 359.0
23-4 23 26.1 347.0
23-4 23 20.9 315.0
23-4 23 15.6 359.0
23-4 23 18.2 359.0
23-4 23 14.8 359.0
23-4 23 20.9 338.0
23-4 23 13.9 337.0
23-4 23 19.1 343.0
23-4 23 21.7 319.0
23-4 23 15.6 359.0
