24-3 4 14.8 359.0
24-3 4 13.9 340.0
24-3 4 12.2 359.0
24-3 4 15.6 327.0
24-3 4 13.9 359.0
24-3 4 15.6 332.0
24-3 4 13.9 359.0
24-3 4 13.0 322.0
24-3 4 13.9 306.0
24-3 4 14.8 359.0
24-3 4 6.1 354.0
24-3 4 12.2 359.0
24-3 4 10.4 359.0
24-3 4 12.2 317.0
24-3 4 11.3 359.0
24-3 4 7.8 327.0
24-3 4 8.7 18.0
24-3 4 7.0 359.0
24-3 4 14.8 359.0
24-3 4 15.6 359.0
24-3 4 16.5 312.0
24-3 4 10.4 359.0
24-3 4 13.9 359.0
24-3 4 10.4 315.0
24-3 4 14.8 326.0
24-3 4 13.0 314.0
24-3 4 12.2 359.0
24-3 4 16.5 275.0
24-3 4 14.8 359.0
24-3 5 15.6 320.0
24-3 5 14.8 359.0
24-3 5 13.9 359.0
24-3 5 14.8 305.0
24-3 5 20.0 359.0
24-3 5 16.5 332.0
24-3 5 11.3 359.0
24-3 5 13.0 359.0
24-3 5 13.0 301.0
24-3 5 11.3 349.0
24-3 5 14.8 4.0
24-3 5 14.8 359.0
24-3 5 13.0 301.0
24-3 5 13.9 312.0
24-3 5 13.0 359.0
24-3 5 8.7 316.0
24-3 5 17.4 274.0
24-3 5 18.2 324.0
24-3 5 13.9 291.0
24-3 5 13.0 359.0
24-3 5 10.4 359.0
24-3 5 10.4 359.0
24-3 5 11.3 299.0
24-3 5 18.2 338.0
24-3 5 13.9 359.0
24-3 5 17.4 329.0
24-3 5 14.8 320.0
24-3 5 10.4 359.0
24-3 5 14.8 359.0
24-3 5 19.1 359.0
24-3 6 17.4 321.0
24-3 6 13.9 359.0
24-3 6 17.4 4.0
24-3 6 13.0 359.0
24-3 6 14.8 320.0
24-3 6 11.3 323.0
24-3 6 14.8 322.0
24-3 6 13.0 291.0
24-3 6 12.2 339.0
24-3 6 19.1 305.0
24-3 6 13.9 359.0
24-3 6 15.6 316.0
24-3 6 16.5 302.0
24-3 6 13.0 310.0
24-3 6 13.9 359.0
24-3 6 13.9 359.0
24-3 6 11.3 337.0
24-3 6 14.8 359.0
24-3 6 12.2 310.0
24-3 6 13.9 359.0
24-3 6 14.8 359.0
24-3 6 14.8 318.0
24-3 6 18.2 359.0
24-3 6 12.2 359.0
24-3 6 11.3 359.0
24-3 6 15.6 359.0
24-3 6 13.9 305.0
24-3 6 15.6 359.0
24-3 6 9.6 359.0
24-3 6 18.2 335.0
24-3 7 17.4 314.0
24-3 7 13.0 359.0
24-3 7 13.9 359.0
24-3 7 15.6 294.0
24-3 7 16.5 359.0
24-3 7 17.4 359.0
24-3 7 11.3 297.0
24-3 7 15.6 316.0
24-3 7 18.2 359.0
24-3 7 15.6 359.0
24-3 7 19.1 303.0
24-3 7 15.6 359.0
24-3 7 14.8 359.0
24-3 7 13.0 303.0
24-3 7 12.2 359.0
24-3 7 14.8 359.0
24-3 7 11.3 302.0
24-3 7 10.4 359.0
24-3 7 14.8 359.0
24-3 7 18.2 359.0
24-3 7 17.4 311.0
24-3 7 20.9 297.0
24-3 7 13.9 305.0
24-3 7 12.2 359.0
24-3 7 10.4 359.0
24-3 7 10.4 359.0
24-3 7 16.5 359.0
24-3 7 13.9 359.0
24-3 7 11.3 312.0
24-3 7 15.6 314.0
24-3 8 13.9 303.0
24-3 8 12.2 322.0
24-3 8 11.3 318.0
24-3 8 12.2 315.0
24-3 8 13.0 307.0
24-3 8 17.4 319.0
24-3 8 11.3 322.0
24-3 8 13.0 320.0
24-3 8 12.2 312.0
24-3 8 14.8 359.0
24-3 8 12.2 312.0
24-3 8 12.2 310.0
24-3 8 15.6 359.0
24-3 8 9.6 318.0
24-3 8 13.9 303.0
24-3 8 10.4 359.0
24-3 8 13.9 325.0
24-3 8 14.8 359.0
24-3 8 13.0 314.0
24-3 8 15.6 359.0
24-3 8 13.0 359.0
24-3 8 14.8 303.0
24-3 8 13.9 359.0
24-3 8 16.5 359.0
24-3 8 15.6 359.0
24-3 8 15.6 284.0
24-3 8 18.2 306.0
24-3 8 15.6 295.0
24-3 8 18.2 301.0
24-3 8 18.2 316.0
24-3 9 17.4 297.0
24-3 9 16.5 323.0
24-3 9 20.9 303.0
24-3 9 20.0 359.0
24-3 9 20.0 312.0
24-3 9 10.4 342.0
24-3 9 13.9 359.0
24-3 9 10.4 316.0
24-3 9 14.8 359.0
24-3 9 14.8 326.0
24-3 9 13.9 269.0
24-3 9 19.1 321.0
24-3 9 16.5 359.0
24-3 9 12.2 359.0
24-3 9 18.2 359.0
24-3 9 19.1 322.0
24-3 9 16.5 359.0
24-3 9 16.5 277.0
24-3 9 13.9 329.0
24-3 9 17.4 359.0
24-3 9 19.1 323.0
24-3 9 14.8 312.0
24-3 9 18.2 359.0
24-3 9 20.9 359.0
24-3 9 15.6 304.0
24-3 9 18.2 293.0
24-3 9 13.9 318.0
24-3 9 11.3 345.0
24-3 9 13.0 359.0
24-3 9 12.2 326.0
24-3 10 12.2 296.0
24-3 10 10.4 313.0
24-3 10 15.6 309.0
24-3 10 11.3 289.0
24-3 10 18.2 301.0
24-3 10 14.8 359.0
24-3 10 17.4 359.0
24-3 10 19.1 299.0
24-3 10 13.9 359.0
24-3 10 22.6 359.0
24-3 10 19.1 302.0
24-3 10 13.0 359.0
24-3 10 15.6 359.0
24-3 10 12.2 301.0
24-3 10 13.0 303.0
24-3 10 19.1 306.0
24-3 10 18.2 312.0
24-3 10 17.4 359.0
24-3 10 13.0 342.0
24-3 10 17.4 290.0
24-3 10 24.3 314.0
24-3 10 20.0 316.0
24-3 10 18.2 308.0
24-3 10 17.4 308.0
24-3 10 14.8 329.0
24-3 10 14.8 317.0
24-3 10 17.4 303.0
24-3 10 22.6 303.0
24-3 10 20.9 280.0
24-3 10 16.5 329.0
24-3 11 19.1 359.0
24-3 11 18.2 314.0
24-3 11 20.0 359.0
24-3 11 19.1 359.0
24-3 11 18.2 359.0
24-3 11 17.4 359.0
24-3 11 14.8 316.0
24-3 11 14.8 293.0
24-3 11 20.0 312.0
24-3 11 18.2 321.0
24-3 11 13.0 299.0
24-3 11 18.2 359.0
24-3 11 18.2 298.0
24-3 11 17.4 323.0
24-3 11 13.9 332.0
24-3 11 15.6 359.0
24-3 11 13.0 359.0
24-3 11 13.9 354.0
24-3 11 17.4 359.0
24-3 11 21.7 10.0
24-3 11 20.0 328.0
24-3 11 23.5 359.0
24-3 11 17.4 315.0
24-3 11 18.2 359.0
24-3 11 24.3 319.0
24-3 11 15.6 322.0
24-3 11 13.0 316.0
24-3 11 17.4 47.0
24-3 11 13.0 354.0
24-3 11 12.2 322.0
24-3 12 20.0 16.0
24-3 12 18.2 354.0
24-3 12 17.4 320.0
24-3 12 21.7 301.0
24-3 12 14.8 301.0
24-3 12 12.2 359.0
24-3 12 20.0 302.0
24-3 12 12.2 359.0
24-3 12 15.6 312.0
24-3 12 14.8 359.0
24-3 12 13.0 332.0
24-3 12 7.8 305.0
24-3 12 20.0 359.0
24-3 12 16.5 327.0
24-3 12 13.0 298.0
24-3 12 17.4 317.0
24-3 12 20.0 359.0
24-3 12 21.7 334.0
24-3 12 13.9 359.0
24-3 12 17.4 319.0
24-3 12 16.5 327.0
24-3 12 14.8 359.0
24-3 12 14.8 330.0
24-3 12 13.0 359.0
24-3 12 18.2 340.0
24-3 12 13.9 359.0
24-3 12 12.2 359.0
24-3 12 18.2 359.0
24-3 12 16.5 335.0
24-3 12 17.4 335.0
24-3 13 12.2 297.0
24-3 13 15.6 346.0
24-3 13 18.2 359.0
24-3 13 17.4 346.0
24-3 13 16.5 336.0
24-3 13 17.4 359.0
24-3 13 14.8 317.0
24-3 13 20.0 328.0
24-3 13 14.8 315.0
24-3 13 15.6 359.0
24-3 13 9.6 359.0
24-3 13 15.6 4.0
24-3 13 13.0 339.0
24-3 13 12.2 22.0
24-3 13 18.2 321.0
24-3 13 9.6 305.0
24-3 13 11.3 337.0
24-3 13 16.5 330.0
24-3 13 15.6 340.0
24-3 13 17.4 322.0
24-3 13 14.8 318.0
24-3 13 17.4 301.0
24-3 13 16.5 354.0
24-3 13 13.9 326.0
24-3 13 15.6 332.0
24-3 13 18.2 359.0
24-3 13 13.9 314.0
24-3 13 15.6 331.0
24-3 13 18.2 324.0
24-3 13 12.2 359.0
24-3 14 12.2 345.0
24-3 14 9.6 20.0
24-3 14 7.8 359.0
24-3 14 16.5 337.0
24-3 14 13.9 347.0
24-3 14 13.0 338.0
24-3 14 10.4 333.0
24-3 14 20.0 342.0
24-3 14 14.8 359.0
24-3 14 11.3 345.0
24-3 14 17.4 321.0
24-3 14 14.8 344.0
24-3 14 13.0 316.0
24-3 14 14.8 344.0
24-3 14 17.4 329.0
24-3 14 16.5 339.0
24-3 14 9.6 335.0
24-3 14 14.8 304.0
24-3 14 16.5 359.0
24-3 14 17.4 343.0
24-3 14 13.0 359.0
24-3 14 13.9 305.0
24-3 14 13.0 335.0
24-3 14 14.8 326.0
24-3 14 13.9 329.0
24-3 14 16.5 345.0
24-3 14 16.5 337.0
24-3 14 16.5 359.0
24-3 14 16.5 359.0
24-3 14 16.5 354.0
24-3 15 16.5 302.0
24-3 15 18.2 359.0
24-3 15 12.2 11.0
24-3 15 11.3 325.0
24-3 15 20.0 359.0
24-3 15 9.6 328.0
24-3 15 16.5 330.0
24-3 15 15.6 337.0
24-3 15 15.6 359.0
24-3 15 16.5 359.0
24-3 15 13.0 359.0
24-3 15 19.1 8.0
24-3 15 15.6 324.0
24-3 15 13.0 336.0
24-3 15 13.0 330.0
24-3 15 22.6 359.0
24-3 15 12.2 321.0
24-3 15 12.2 359.0
24-3 15 16.5 322.0
24-3 15 12.2 359.0
24-3 15 14.8 341.0
24-3 15 16.5 340.0
24-3 15 17.4 313.0
24-3 15 14.8 359.0
24-3 15 18.2 359.0
24-3 15 18.2 335.0
24-3 15 11.3 359.0
24-3 15 13.0 322.0
24-3 15 14.8 317.0
24-3 15 16.5 359.0
24-3 16 13.9 340.0
24-3 16 11.3 289.0
24-3 16 17.4 331.0
24-3 16 20.0 359.0
24-3 16 16.5 337.0
24-3 16 15.6 359.0
24-3 16 11.3 359.0
24-3 16 8.7 10.0
24-3 16 17.4 330.0
24-3 16 20.0 359.0
24-3 16 18.2 354.0
24-3 16 18.2 337.0
24-3 16 13.9 305.0
24-3 16 9.6 349.0
24-3 16 15.6 330.0
24-3 16 20.0 329.0
24-3 16 18.2 4.0
24-3 16 12.2 359.0
24-3 16 16.5 349.0
24-3 16 15.6 4.0
24-3 16 16.5 354.0
24-3 16 15.6 326.0
24-3 16 16.5 316.0
24-3 16 13.9 359.0
24-3 16 15.6 328.0
24-3 16 18.2 346.0
24-3 16 13.0 338.0
24-3 16 13.0 346.0
24-3 16 17.4 359.0
24-3 16 12.2 340.0
24-3 17 11.3 322.0
24-3 17 13.0 338.0
24-3 17 19.1 315.0
24-3 17 16.5 359.0
24-3 17 18.2 291.0
24-3 17 11.3 26.0
24-3 17 14.8 318.0
24-3 17 13.0 318.0
24-3 17 17.4 315.0
24-3 17 12.2 313.0
24-3 17 19.1 359.0
24-3 17 13.9 293.0
24-3 17 20.0 340.0
24-3 17 18.2 359.0
24-3 17 16.5 339.0
24-3 17 16.5 354.0
24-3 17 15.6 359.0
24-3 17 13.0 8.0
24-3 17 14.8 349.0
24-3 17 19.1 359.0
24-3 17 16.5 326.0
24-3 17 13.0 324.0
24-3 17 16.5 359.0
24-3 17 14.8 322.0
24-3 17 13.9 349.0
24-3 17 15.6 359.0
24-3 17 14.8 329.0
24-3 17 9.6 291.0
24-3 17 18.2 327.0
24-3 17 14.8 8.0
24-3 18 13.0 318.0
24-3 18 12.2 309.0
24-3 18 14.8 345.0
24-3 18 13.0 359.0
24-3 18 16.5 354.0
24-3 18 14.8 305.0
24-3 18 12.2 359.0
24-3 18 18.2 359.0
24-3 18 15.6 337.0
24-3 18 14.8 342.0
24-3 18 10.4 29.0
24-3 18 15.6 359.0
24-3 18 19.1 333.0
24-3 18 19.1 339.0
24-3 18 13.0 348.0
24-3 18 18.2 359.0
24-3 18 12.2 359.0
24-3 18 11.3 33.0
24-3 18 13.9 36.0
24-3 18 13.0 322.0
24-3 18 16.5 17.0
24-3 18 18.2 359.0
24-3 18 13.9 359.0
24-3 18 16.5 359.0
24-3 18 12.2 8.0
24-3 18 14.8 359.0
24-3 18 14.8 10.0
24-3 18 10.4 334.0
24-3 18 15.6 343.0
24-3 18 8.7 354.0
24-3 19 8.7 330.0
24-3 19 13.0 342.0
24-3 19 12.2 342.0
24-3 19 13.0 335.0
24-3 19 12.2 18.0
24-3 19 14.8 359.0
24-3 19 14.8 344.0
24-3 19 11.3 359.0
24-3 19 12.2 359.0
24-3 19 13.0 359.0
24-3 19 13.0 343.0
24-3 19 10.4 359.0
24-3 19 13.9 332.0
24-3 19 14.8 340.0
24-3 19 11.3 332.0
24-3 19 13.9 335.0
24-3 19 12.2 347.0
24-3 19 12.2 359.0
24-3 19 13.0 359.0
24-3 19 14.8 347.0
24-3 19 12.2 347.0
24-3 19 13.9 354.0
24-3 19 14.8 359.0
24-3 19 19.1 359.0
24-3 19 16.5 4.0
24-3 19 13.9 18.0
24-3 19 12.2 345.0
24-3 19 10.4 359.0
24-3 19 12.2 354.0
24-3 19 10.4 12.0
24-3 20 13.9 354.0
24-3 20 8.7 345.0
24-3 20 9.6 343.0
24-3 20 13.0 354.0
24-3 20 10.4 344.0
24-3 20 12.2 359.0
24-3 20 8.7 359.0
24-3 20 10.4 322.0
24-3 20 10.4 328.0
24-3 20 10.4 354.0
24-3 20 7.0 349.0
24-3 20 9.6 359.0
24-3 20 13.0 347.0
24-3 20 8.7 354.0
24-3 20 13.9 359.0
24-3 20 12.2 332.0
24-3 20 12.2 338.0
24-3 20 13.0 354.0
24-3 20 10.4 354.0
24-3 20 14.8 27.0
24-3 20 10.4 4.0
24-3 20 12.2 359.0
24-3 20 12.2 346.0
24-3 20 13.9 347.0
24-3 20 15.6 345.0
24-3 20 11.3 359.0
24-3 20 12.2 334.0
24-3 20 11.3 337.0
24-3 20 8.7 359.0
24-3 20 10.4 359.0
24-3 21 13.0 316.0
24-3 21 12.2 339.0
24-3 21 8.7 359.0
24-3 21 13.9 354.0
24-3 21 9.6 332.0
24-3 21 12.2 334.0
24-3 21 12.2 359.0
24-3 21 10.4 354.0
24-3 21 13.0 359.0
24-3 21 11.3 4.0
24-3 21 11.3 343.0
24-3 21 10.4 342.0
24-3 21 13.0 359.0
24-3 21 13.9 344.0
24-3 21 11.3 343.0
24-3 21 17.4 349.0
24-3 21 12.2 11.0
24-3 21 17.4 346.0
24-3 21 14.8 359.0
24-3 21 12.2 333.0
24-3 21 14.8 14.0
24-3 21 14.8 354.0
24-3 21 13.9 359.0
24-3 21 13.9 10.0
24-3 21 14.8 359.0
24-3 21 12.2 341.0
24-3 21 12.2 343.0
24-3 21 11.3 354.0
24-3 21 8.7 346.0
24-3 21 11.3 4.0
24-3 22 12.2 335.0
24-3 22 9.6 348.0
24-3 22 5.2 359.0
24-3 22 12.2 320.0
24-3 22 12.2 342.0
24-3 22 13.0 339.0
24-3 22 11.3 345.0
24-3 22 13.9 354.0
24-3 22 13.0 359.0
24-3 22 12.2 359.0
24-3 22 11.3 359.0
24-3 22 11.3 8.0
24-3 22 13.0 359.0
24-3 22 10.4 8.0
24-3 22 13.0 359.0
24-3 22 13.0 4.0
24-3 22 13.0 359.0
24-3 22 13.9 347.0
24-3 22 8.7 332.0
24-3 22 13.9 354.0
24-3 22 17.4 354.0
24-3 22 16.5 350.0
24-3 22 9.6 18.0
24-3 22 10.4 359.0
24-3 22 13.9 345.0
24-3 22 12.2 10.0
24-3 22 15.6 359.0
24-3 22 11.3 359.0
24-3 22 13.9 8.0
24-3 22 15.6 359.0
24-3 23 11.3 359.0
24-3 23 11.3 9.0
24-3 23 16.5 12.0
24-3 23 13.9 359.0
24-3 23 12.2 8.0
24-3 23 15.6 4.0
24-3 23 15.6 341.0
24-3 23 16.5 342.0
24-3 23 15.6 359.0
24-3 23 16.5 354.0
24-3 23 17.4 359.0
24-3 23 17.4 359.0
24-3 23 18.2 8.0
24-3 23 9.6 337.0
24-3 23 17.4 359.0
24-3 23 13.0 359.0
24-3 23 15.6 359.0
24-3 23 13.9 328.0
24-3 23 15.6 359.0
24-3 23 15.6 359.0
24-3 23 11.3 12.0
24-3 23 12.2 354.0
24-3 23 13.9 349.0
24-3 23 17.4 359.0
24-3 23 13.0 359.0
24-3 23 16.5 350.0
24-3 23 19.1 359.0
24-3 23 15.6 347.0
24-3 23 15.6 354.0
24-3 23 14.8 359.0
