24-4 5 12.2 359.0
24-4 5 15.6 359.0
24-4 5 20.9 4.0
24-4 5 13.0 359.0
24-4 5 15.6 359.0
24-4 5 17.4 303.0
24-4 5 16.5 323.0
24-4 5 15.6 8.0
24-4 5 20.0 359.0
24-4 5 15.6 359.0
24-4 5 18.2 359.0
24-4 5 14.8 323.0
24-4 5 14.8 359.0
24-4 5 21.7 321.0
24-4 5 15.6 345.0
24-4 5 16.5 354.0
24-4 5 13.0 328.0
24-4 5 17.4 343.0
24-4 5 16.5 339.0
24-4 5 16.5 359.0
24-4 5 13.9 331.0
24-4 5 18.2 359.0
24-4 5 10.4 359.0
24-4 5 15.6 336.0
24-4 5 18.2 359.0
24-4 5 11.3 4.0
24-4 5 14.8 317.0
24-4 5 16.5 316.0
24-4 5 15.6 354.0
24-4 5 14.8 293.0
24-4 6 16.5 305.0
24-4 6 13.9 359.0
24-4 6 9.6 21.0
24-4 6 16.5 347.0
24-4 6 19.1 359.0
24-4 6 13.9 323.0
24-4 6 14.8 330.0
24-4 6 15.6 359.0
24-4 6 17.4 4.0
24-4 6 15.6 359.0
24-4 6 20.0 327.0
24-4 6 14.8 293.0
24-4 6 16.5 359.0
24-4 6 22.6 359.0
24-4 6 17.4 349.0
24-4 6 18.2 359.0
24-4 6 20.0 359.0
24-4 6 18.2 4.0
24-4 6 20.0 359.0
24-4 6 22.6 347.0
24-4 6 13.0 359.0
24-4 6 21.7 359.0
24-4 6 16.5 359.0
24-4 6 22.6 346.0
24-4 6 19.1 317.0
24-4 6 24.3 340.0
24-4 6 13.9 359.0
24-4 6 15.6 359.0
24-4 6 20.9 294.0
24-4 6 19.1 359.0
24-4 7 17.4 8.0
24-4 7 16.5 359.0
24-4 7 15.6 16.0
24-4 7 16.5 354.0
24-4 7 20.9 349.0
24-4 7 13.9 294.0
24-4 7 19.1 359.0
24-4 7 20.9 347.0
24-4 7 13.9 349.0
24-4 7 14.8 346.0
24-4 7 18.2 359.0
24-4 7 21.7 350.0
24-4 7 20.0 359.0
24-4 7 18.2 333.0
24-4 7 24.3 359.0
24-4 7 21.7 359.0
24-4 7 19.1 320.0
24-4 7 20.0 324.0
24-4 7 13.0 8.0
24-4 7 21.7 359.0
24-4 7 16.5 299.0
24-4 7 23.5 359.0
24-4 7 18.2 11.0
24-4 7 18.2 16.0
24-4 7 22.6 332.0
24-4 7 20.0 33.0
24-4 7 24.3 359.0
24-4 7 15.6 348.0
24-4 7 15.6 359.0
24-4 7 15.6 337.0
24-4 8 18.2 4.0
24-4 8 16.5 354.0
24-4 8 20.0 10.0
24-4 8 25.2 359.0
24-4 8 16.5 359.0
24-4 8 18.2 359.0
24-4 8 23.5 337.0
24-4 8 21.7 359.0
24-4 8 20.0 318.0
24-4 8 15.6 359.0
24-4 8 20.9 305.0
24-4 8 19.1 339.0
24-4 8 21.7 359.0
24-4 8 18.2 359.0
24-4 8 21.7 359.0
24-4 8 16.5 332.0
24-4 8 21.7 327.0
24-4 8 20.9 359.0
24-4 8 13.9 359.0
24-4 8 19.1 359.0
24-4 8 20.0 359.0
24-4 8 17.4 359.0
24-4 8 17.4 289.0
24-4 8 13.9 318.0
24-4 8 16.5 308.0
24-4 8 20.0 359.0
24-4 8 25.2 314.0
24-4 8 22.6 359.0
24-4 8 25.2 359.0
24-4 8 25.2 354.0
24-4 9 17.4 359.0
24-4 9 25.2 347.0
24-4 9 20.0 359.0
24-4 9 21.7 359.0
24-4 9 25.2 324.0
24-4 9 20.0 329.0
24-4 9 25.2 331.0
24-4 9 21.7 339.0
24-4 9 15.6 35.0
24-4 9 14.8 359.0
24-4 9 20.0 337.0
24-4 9 15.6 359.0
24-4 9 19.1 359.0
24-4 9 26.9 327.0
24-4 9 21.7 359.0
24-4 9 20.0 346.0
24-4 9 19.1 359.0
24-4 9 18.2 329.0
24-4 9 11.3 292.0
24-4 9 25.2 359.0
24-4 9 14.8 335.0
24-4 9 22.6 328.0
24-4 9 13.9 328.0
24-4 9 20.0 349.0
24-4 9 20.9 8.0
24-4 9 15.6 312.0
24-4 9 17.4 291.0
24-4 9 17.4 359.0
24-4 9 20.9 359.0
24-4 9 20.9 297.0
24-4 10 22.6 359.0
24-4 10 14.8 359.0
24-4 10 20.0 332.0
24-4 10 20.0 359.0
24-4 10 19.1 332.0
24-4 10 22.6 337.0
24-4 10 14.8 349.0
24-4 10 20.0 318.0
24-4 10 20.9 320.0
24-4 10 25.2 334.0
24-4 10 20.9 359.0
24-4 10 27.8 324.0
24-4 10 26.1 332.0
24-4 10 19.1 349.0
24-4 10 17.4 349.0
24-4 10 23.5 347.0
24-4 10 20.9 337.0
24-4 10 21.7 359.0
24-4 10 22.6 347.0
24-4 10 18.2 359.0
24-4 10 21.7 337.0
24-4 10 21.7 349.0
24-4 10 15.6 359.0
24-4 10 22.6 339.0
24-4 10 25.2 359.0
24-4 10 19.1 8.0
24-4 10 22.6 359.0
24-4 10 22.6 334.0
24-4 10 20.0 359.0
24-4 10 19.1 359.0
24-4 11 19.1 14.0
24-4 11 25.2 359.0
24-4 11 20.9 359.0
24-4 11 17.4 330.0
24-4 11 21.7 359.0
24-4 11 24.3 320.0
24-4 11 22.6 350.0
24-4 11 24.3 359.0
24-4 11 22.6 359.0
24-4 11 23.5 335.0
24-4 11 22.6 4.0
24-4 11 20.0 328.0
24-4 11 20.0 20.0
24-4 11 23.5 4.0
24-4 11 18.2 344.0
24-4 11 16.5 311.0
24-4 11 22.6 359.0
24-4 11 24.3 316.0
24-4 11 22.6 359.0
24-4 11 25.2 4.0
24-4 11 26.1 359.0
24-4 11 23.5 359.0
24-4 11 25.2 337.0
24-4 11 26.9 359.0
24-4 11 17.4 339.0
24-4 11 15.6 343.0
24-4 11 23.5 359.0
24-4 11 24.3 297.0
24-4 11 16.5 359.0
24-4 11 22.6 343.0
24-4 12 23.5 297.0
24-4 12 13.9 345.0
24-4 12 25.2 324.0
24-4 12 26.9 347.0
24-4 12 25.2 310.0
24-4 12 20.0 359.0
24-4 12 22.6 359.0
24-4 12 20.9 20.0
24-4 12 20.0 337.0
24-4 12 20.9 350.0
24-4 12 17.4 324.0
24-4 12 23.5 350.0
24-4 12 23.5 328.0
24-4 12 28.7 330.0
24-4 12 23.5 344.0
24-4 12 15.6 359.0
24-4 12 25.2 359.0
24-4 12 22.6 335.0
24-4 12 25.2 21.0
24-4 12 20.9 348.0
24-4 12 16.5 343.0
24-4 12 20.9 359.0
24-4 12 22.6 359.0
24-4 12 20.0 359.0
24-4 12 22.6 320.0
24-4 12 19.1 359.0
24-4 12 21.7 342.0
24-4 12 27.8 359.0
24-4 12 19.1 314.0
24-4 12 25.2 359.0
24-4 13 19.1 327.0
24-4 13 23.5 359.0
24-4 13 22.6 347.0
24-4 13 26.9 359.0
24-4 13 16.5 359.0
24-4 13 26.1 332.0
24-4 13 25.2 359.0
24-4 13 20.0 326.0
24-4 13 19.1 326.0
24-4 13 21.7 359.0
24-4 13 15.6 328.0
24-4 13 21.7 8.0
24-4 13 24.3 359.0
24-4 13 20.9 305.0
24-4 13 26.9 359.0
24-4 13 21.7 359.0
24-4 13 21.7 359.0
24-4 13 17.4 359.0
24-4 13 18.2 359.0
24-4 13 16.5 359.0
24-4 13 22.6 12.0
24-4 13 23.5 349.0
24-4 13 20.9 282.0
24-4 13 18.2 313.0
24-4 13 16.5 359.0
24-4 13 14.8 359.0
24-4 13 14.8 297.0
24-4 13 15.6 339.0
24-4 13 22.6 349.0
24-4 13 14.8 354.0
24-4 14 19.1 359.0
24-4 14 13.0 359.0
24-4 14 12.2 359.0
24-4 14 21.7 333.0
24-4 14 10.4 314.0
24-4 14 14.8 8.0
24-4 14 13.0 359.0
24-4 14 13.0 359.0
24-4 14 19.1 326.0
24-4 14 20.9 339.0
24-4 14 25.2 336.0
24-4 14 20.0 312.0
24-4 14 18.2 359.0
24-4 14 21.7 359.0
24-4 14 22.6 359.0
24-4 14 21.7 312.0
24-4 14 19.1 359.0
24-4 14 15.6 359.0
24-4 14 21.7 359.0
24-4 14 29.5 359.0
24-4 14 20.0 283.0
24-4 14 21.7 359.0
24-4 14 14.8 359.0
24-4 14 19.1 322.0
24-4 14 20.0 359.0
24-4 14 13.9 328.0
24-4 14 13.9 313.0
24-4 14 20.0 292.0
24-4 14 16.5 314.0
24-4 14 25.2 359.0
24-4 15 24.3 305.0
24-4 15 19.1 359.0
24-4 15 24.3 359.0
24-4 15 22.6 341.0
24-4 15 17.4 359.0
24-4 15 20.9 336.0
24-4 15 16.5 359.0
24-4 15 21.7 320.0
24-4 15 23.5 359.0
24-4 15 13.9 293.0
24-4 15 22.6 298.0
24-4 15 22.6 304.0
24-4 15 22.6 359.0
24-4 15 20.0 359.0
24-4 15 16.5 291.0
24-4 15 11.3 320.0
24-4 15 20.0 359.0
24-4 15 15.6 287.0
24-4 15 16.5 359.0
24-4 15 25.2 305.0
24-4 15 17.4 299.0
24-4 15 13.9 359.0
24-4 15 12.2 359.0
24-4 15 21.7 359.0
24-4 15 19.1 295.0
24-4 15 24.3 359.0
24-4 15 27.8 297.0
24-4 15 19.1 295.0
24-4 15 22.6 359.0
24-4 15 20.0 359.0
24-4 16 23.5 334.0
24-4 16 21.7 295.0
24-4 16 24.3 293.0
24-4 16 24.3 359.0
24-4 16 19.1 299.0
24-4 16 27.8 359.0
24-4 16 15.6 359.0
24-4 16 26.1 359.0
24-4 16 16.5 349.0
24-4 16 20.9 359.0
24-4 16 13.0 290.0
24-4 16 17.4 359.0
24-4 16 20.9 359.0
24-4 16 27.8 305.0
24-4 16 20.9 359.0
24-4 16 20.9 301.0
24-4 16 20.0 310.0
24-4 16 12.2 315.0
24-4 16 15.6 330.0
24-4 16 17.4 359.0
24-4 16 19.1 359.0
24-4 16 19.1 359.0
24-4 16 19.1 316.0
24-4 16 14.8 11.0
24-4 16 20.0 359.0
24-4 16 24.3 304.0
24-4 16 22.6 359.0
24-4 16 20.0 359.0
24-4 16 23.5 359.0
24-4 16 22.6 359.0
24-4 17 25.2 359.0
24-4 17 18.2 314.0
24-4 17 27.8 359.0
24-4 17 17.4 359.0
24-4 17 13.9 359.0
24-4 17 20.0 291.0
24-4 17 21.7 359.0
24-4 17 23.5 330.0
24-4 17 16.5 340.0
24-4 17 16.5 332.0
24-4 17 15.6 359.0
24-4 17 20.9 359.0
24-4 17 23.5 359.0
24-4 17 21.7 299.0
24-4 17 22.6 317.0
24-4 17 23.5 359.0
24-4 17 22.6 335.0
24-4 17 17.4 332.0
24-4 17 18.2 359.0
24-4 17 26.1 359.0
24-4 17 25.2 316.0
24-4 17 18.2 316.0
24-4 17 14.8 359.0
24-4 17 20.9 359.0
24-4 17 19.1 299.0
24-4 17 18.2 359.0
24-4 17 23.5 359.0
24-4 17 20.9 326.0
24-4 17 20.0 300.0
24-4 17 13.9 328.0
24-4 18 18.2 359.0
24-4 18 20.0 318.0
24-4 18 23.5 359.0
24-4 18 18.2 294.0
24-4 18 15.6 315.0
24-4 18 20.0 297.0
24-4 18 23.5 325.0
24-4 18 21.7 4.0
24-4 18 20.0 359.0
24-4 18 19.1 322.0
24-4 18 15.6 359.0
24-4 18 17.4 26.0
24-4 18 14.8 321.0
24-4 18 18.2 320.0
24-4 18 17.4 340.0
24-4 18 11.3 318.0
24-4 18 11.3 8.0
24-4 18 12.2 295.0
24-4 18 20.0 334.0
24-4 18 13.0 337.0
24-4 18 17.4 312.0
24-4 18 14.8 359.0
24-4 18 19.1 18.0
24-4 18 19.1 359.0
24-4 18 14.8 318.0
24-4 18 13.0 359.0
24-4 18 17.4 344.0
24-4 18 13.0 359.0
24-4 18 18.2 359.0
24-4 18 14.8 359.0
24-4 19 20.0 4.0
24-4 19 21.7 359.0
24-4 19 20.9 359.0
24-4 19 18.2 348.0
24-4 19 20.9 11.0
24-4 19 15.6 334.0
24-4 19 26.1 359.0
24-4 19 23.5 328.0
24-4 19 14.8 359.0
24-4 19 14.8 315.0
24-4 19 17.4 327.0
24-4 19 12.2 359.0
24-4 19 19.1 354.0
24-4 19 18.2 359.0
24-4 19 24.3 354.0
24-4 19 20.9 359.0
24-4 19 14.8 359.0
24-4 19 18.2 312.0
24-4 19 24.3 347.0
24-4 19 18.2 359.0
24-4 19 23.5 359.0
24-4 19 18.2 359.0
24-4 19 15.6 359.0
24-4 19 15.6 359.0
24-4 19 20.0 359.0
24-4 19 11.3 359.0
24-4 19 20.0 315.0
24-4 19 23.5 18.0
24-4 19 16.5 359.0
24-4 19 19.1 359.0
24-4 20 19.1 327.0
24-4 20 17.4 326.0
24-4 20 16.5 359.0
24-4 20 21.7 359.0
24-4 20 25.2 12.0
24-4 20 19.1 359.0
24-4 20 18.2 4.0
24-4 20 20.9 347.0
24-4 20 14.8 324.0
24-4 20 20.0 337.0
24-4 20 18.2 10.0
24-4 20 18.2 310.0
24-4 20 20.9 359.0
24-4 20 16.5 8.0
24-4 20 19.1 288.0
24-4 20 21.7 359.0
24-4 20 22.6 18.0
24-4 20 15.6 359.0
24-4 20 17.4 336.0
24-4 20 25.2 345.0
24-4 20 21.7 359.0
24-4 20 22.6 332.0
24-4 20 13.9 315.0
24-4 20 19.1 288.0
24-4 20 14.8 312.0
24-4 20 12.2 327.0
24-4 20 20.9 314.0
24-4 20 14.8 320.0
24-4 20 15.6 359.0
24-4 20 16.5 305.0
24-4 21 23.5 359.0
24-4 21 12.2 296.0
24-4 21 25.2 329.0
24-4 21 20.0 4.0
24-4 21 17.4 318.0
24-4 21 26.1 334.0
24-4 21 20.9 359.0
24-4 21 17.4 4.0
24-4 21 20.0 359.0
24-4 21 19.1 359.0
24-4 21 19.1 317.0
24-4 21 15.6 359.0
24-4 21 18.2 349.0
24-4 21 15.6 312.0
24-4 21 16.5 339.0
24-4 21 14.8 359.0
24-4 21 18.2 337.0
24-4 21 18.2 347.0
24-4 21 13.9 11.0
24-4 21 18.2 359.0
24-4 21 14.8 312.0
24-4 21 20.9 359.0
24-4 21 22.6 359.0
24-4 21 20.0 359.0
24-4 21 20.0 359.0
24-4 21 20.0 4.0
24-4 21 20.0 306.0
24-4 21 19.1 329.0
24-4 21 18.2 315.0
24-4 21 16.5 303.0
24-4 22 16.5 359.0
24-4 22 18.2 359.0
24-4 22 21.7 348.0
24-4 22 20.9 359.0
24-4 22 22.6 305.0
24-4 22 15.6 359.0
24-4 22 22.6 359.0
24-4 22 21.7 359.0
24-4 22 15.6 319.0
24-4 22 11.3 342.0
24-4 22 17.4 348.0
24-4 22 18.2 330.0
24-4 22 13.9 359.0
24-4 22 16.5 335.0
24-4 22 20.9 348.0
24-4 22 20.9 359.0
24-4 22 16.5 359.0
24-4 22 20.9 359.0
24-4 22 17.4 359.0
24-4 22 18.2 305.0
24-4 22 21.7 299.0
24-4 22 16.5 359.0
24-4 22 19.1 318.0
24-4 22 16.5 4.0
24-4 22 20.9 12.0
24-4 22 17.4 359.0
24-4 22 15.6 328.0
24-4 22 11.3 359.0
24-4 22 19.1 335.0
24-4 22 15.6 359.0
24-4 23 24.3 322.0
24-4 23 20.0 4.0
24-4 23 21.7 330.0
24-4 23 16.5 359.0
24-4 23 15.6 305.0
24-4 23 23.5 359.0
24-4 23 17.4 359.0
24-4 23 19.1 312.0
24-4 23 19.1 359.0
24-4 23 17.4 359.0
24-4 23 16.5 359.0
24-4 23 26.1 359.0
24-4 23 15.6 359.0
24-4 23 18.2 332.0
24-4 23 13.9 359.0
24-4 23 13.0 359.0
24-4 23 14.8 18.0
24-4 23 19.1 347.0
24-4 23 17.4 339.0
24-4 23 15.6 359.0
24-4 23 17.4 8.0
24-4 23 18.2 328.0
24-4 23 18.2 359.0
24-4 23 17.4 14.0
24-4 23 18.2 4.0
24-4 23 21.7 359.0
24-4 23 12.2 359.0
24-4 23 14.8 343.0
24-4 23 17.4 11.0
24-4 23 13.9 335.0
