25-3 4 4.3 335.0
25-3 4 5.2 359.0
25-3 4 6.1 4.0
25-3 4 5.2 27.0
25-3 4 2.6 42.0
25-3 4 1.7 45.0
25-3 4 2.6 58.0
25-3 4 0.0 59.0
25-3 4 0.9 60.0
25-3 4 0.0 58.0
25-3 4 0.0 114.0
25-3 4 0.0 114.0
25-3 4 0.0 112.0
25-3 4 0.9 114.0
25-3 4 0.0 114.0
25-3 4 0.0 110.0
25-3 4 0.9 110.0
25-3 4 0.0 110.0
25-3 4 0.0 117.0
25-3 4 0.0 359.0
25-3 4 0.9 112.0
25-3 4 0.9 109.0
25-3 4 0.9 110.0
25-3 4 0.9 359.0
25-3 4 1.7 102.0
25-3 4 1.7 106.0
25-3 4 0.9 106.0
25-3 4 1.7 103.0
25-3 4 1.7 103.0
25-3 4 1.7 101.0
25-3 5 1.7 111.0
25-3 5 1.7 113.0
25-3 5 2.6 110.0
25-3 5 4.3 95.0
25-3 5 2.6 104.0
25-3 5 1.7 87.0
25-3 5 0.0 93.0
25-3 5 1.7 61.0
25-3 5 0.9 60.0
25-3 5 6.1 68.0
25-3 5 2.6 66.0
25-3 5 2.6 57.0
25-3 5 2.6 60.0
25-3 5 2.6 70.0
25-3 5 4.3 72.0
25-3 5 4.3 93.0
25-3 5 6.1 87.0
25-3 5 6.1 76.0
25-3 5 4.3 50.0
25-3 5 2.6 59.0
25-3 5 4.3 74.0
25-3 5 4.3 77.0
25-3 5 3.5 70.0
25-3 5 0.0 77.0
25-3 5 0.0 72.0
25-3 5 3.5 70.0
25-3 5 0.0 64.0
25-3 5 5.2 81.0
25-3 5 4.3 86.0
25-3 5 4.3 91.0
25-3 6 5.2 95.0
25-3 6 2.6 95.0
25-3 6 5.2 92.0
25-3 6 2.6 93.0
25-3 6 4.3 97.0
25-3 6 5.2 93.0
25-3 6 2.6 89.0
25-3 6 2.6 89.0
25-3 6 2.6 87.0
25-3 6 4.3 91.0
25-3 6 4.3 86.0
25-3 6 1.7 87.0
25-3 6 1.7 87.0
25-3 6 4.3 89.0
25-3 6 4.3 83.0
25-3 6 1.7 85.0
25-3 6 2.6 85.0
25-3 6 2.6 93.0
25-3 6 5.2 92.0
25-3 6 4.3 91.0
25-3 6 2.6 87.0
25-3 6 4.3 87.0
25-3 6 2.6 86.0
25-3 6 1.7 85.0
25-3 6 1.7 88.0
25-3 6 4.3 91.0
25-3 6 5.2 94.0
25-3 6 4.3 94.0
25-3 6 5.2 91.0
25-3 6 2.6 91.0
25-3 7 5.2 95.0
25-3 7 4.3 89.0
25-3 7 2.6 93.0
25-3 7 2.6 91.0
25-3 7 4.3 89.0
25-3 7 5.2 95.0
25-3 7 4.3 89.0
25-3 7 2.6 85.0
25-3 7 5.2 93.0
25-3 7 4.3 102.0
25-3 7 6.1 98.0
25-3 7 4.3 102.0
25-3 7 6.1 98.0
25-3 7 4.3 70.0
25-3 7 5.2 85.0
25-3 7 6.1 94.0
25-3 7 7.0 97.0
25-3 7 7.0 103.0
25-3 7 6.1 83.0
25-3 7 2.6 67.0
25-3 7 4.3 76.0
25-3 7 2.6 83.0
25-3 7 6.1 87.0
25-3 7 5.2 91.0
25-3 7 6.1 77.0
25-3 7 1.7 74.0
25-3 7 0.0 66.0
25-3 7 0.0 54.0
25-3 7 2.6 68.0
25-3 7 3.5 72.0
25-3 8 0.9 67.0
25-3 8 4.3 62.0
25-3 8 3.5 64.0
25-3 8 1.7 62.0
25-3 8 3.5 66.0
25-3 8 3.5 66.0
25-3 8 2.6 64.0
25-3 8 2.6 62.0
25-3 8 5.2 97.0
25-3 8 2.6 94.0
25-3 8 3.5 77.0
25-3 8 2.6 79.0
25-3 8 4.3 80.0
25-3 8 4.3 87.0
25-3 8 2.6 73.0
25-3 8 2.6 114.0
25-3 8 1.7 83.0
25-3 8 1.7 83.0
25-3 8 1.7 107.0
25-3 8 0.0 108.0
25-3 8 0.0 108.0
25-3 8 0.0 108.0
25-3 8 0.0 108.0
25-3 8 1.7 108.0
25-3 8 0.0 107.0
25-3 8 0.9 106.0
25-3 8 0.0 105.0
25-3 8 3.5 106.0
25-3 8 3.5 110.0
25-3 8 3.5 145.0
25-3 9 5.2 145.0
25-3 9 0.9 135.0
25-3 9 1.7 126.0
25-3 9 4.3 120.0
25-3 9 6.1 126.0
25-3 9 6.1 112.0
25-3 9 7.8 114.0
25-3 9 8.7 111.0
25-3 9 3.5 169.0
25-3 9 1.7 109.0
25-3 9 4.3 118.0
25-3 9 7.0 129.0
25-3 9 7.8 109.0
25-3 9 7.8 111.0
25-3 9 2.6 108.0
25-3 9 1.7 130.0
25-3 9 3.5 114.0
25-3 9 4.3 100.0
25-3 9 8.7 98.0
25-3 9 7.8 110.0
25-3 9 7.0 108.0
25-3 9 5.2 89.0
25-3 9 4.3 112.0
25-3 9 3.5 116.0
25-3 9 0.9 104.0
25-3 9 3.5 157.0
25-3 9 4.3 108.0
25-3 9 6.1 101.0
25-3 9 6.1 100.0
25-3 9 4.3 114.0
25-3 10 2.6 111.0
25-3 10 1.7 90.0
25-3 10 0.0 91.0
25-3 10 0.9 95.0
25-3 10 0.9 95.0
25-3 10 0.0 95.0
25-3 10 6.1 108.0
25-3 10 1.7 120.0
25-3 10 2.6 120.0
25-3 10 2.6 115.0
25-3 10 7.0 101.0
25-3 10 0.9 126.0
25-3 10 2.6 92.0
25-3 10 2.6 106.0
25-3 10 2.6 127.0
25-3 10 3.5 104.0
25-3 10 6.1 112.0
25-3 10 3.5 104.0
25-3 10 3.5 143.0
25-3 10 0.9 144.0
25-3 10 5.2 147.0
25-3 10 3.5 142.0
25-3 10 0.9 101.0
25-3 10 7.0 108.0
25-3 10 4.3 152.0
25-3 10 2.6 137.0
25-3 10 2.6 152.0
25-3 10 6.1 137.0
25-3 10 1.7 166.0
25-3 10 3.5 171.0
25-3 11 3.5 169.0
25-3 11 7.0 156.0
25-3 11 7.8 135.0
25-3 11 9.6 186.0
25-3 11 2.6 135.0
25-3 11 0.9 158.0
25-3 11 3.5 145.0
25-3 11 4.3 146.0
25-3 11 3.5 75.0
25-3 11 2.6 183.0
25-3 11 3.5 154.0
25-3 11 1.7 111.0
25-3 11 11.3 159.0
25-3 11 5.2 135.0
25-3 11 7.0 120.0
25-3 11 7.0 147.0
25-3 11 6.1 133.0
25-3 11 10.4 174.0
25-3 11 6.1 125.0
25-3 11 13.9 99.0
25-3 11 7.8 114.0
25-3 11 8.7 168.0
25-3 11 7.0 122.0
25-3 11 8.7 162.0
25-3 11 6.1 183.0
25-3 11 10.4 148.0
25-3 11 13.9 128.0
25-3 11 12.2 147.0
25-3 11 10.4 158.0
25-3 11 12.2 159.0
25-3 12 3.5 196.0
25-3 12 3.5 77.0
25-3 12 12.2 79.0
25-3 12 13.0 129.0
25-3 12 15.6 115.0
25-3 12 11.3 206.0
25-3 12 14.8 138.0
25-3 12 13.0 142.0
25-3 12 6.1 119.0
25-3 12 5.2 148.0
25-3 12 11.3 171.0
25-3 12 7.8 135.0
25-3 12 7.8 166.0
25-3 12 10.4 112.0
25-3 12 6.1 106.0
25-3 12 6.1 152.0
25-3 12 12.2 123.0
25-3 12 7.0 117.0
25-3 12 7.8 124.0
25-3 12 12.2 157.0
25-3 12 6.1 151.0
25-3 12 10.4 143.0
25-3 12 13.0 177.0
25-3 12 7.8 228.0
25-3 12 11.3 146.0
25-3 12 19.1 112.0
25-3 12 4.3 127.0
25-3 12 8.7 147.0
25-3 12 6.1 169.0
25-3 12 3.5 125.0
25-3 13 9.6 145.0
25-3 13 2.6 121.0
25-3 13 6.1 76.0
25-3 13 10.4 147.0
25-3 13 9.6 129.0
25-3 13 20.9 157.0
25-3 13 6.1 196.0
25-3 13 14.8 102.0
25-3 13 9.6 141.0
25-3 13 13.0 143.0
25-3 13 11.3 172.0
25-3 13 11.3 139.0
25-3 13 7.8 104.0
25-3 13 14.8 126.0
25-3 13 13.0 125.0
25-3 13 11.3 178.0
25-3 13 17.4 127.0
25-3 13 19.1 130.0
25-3 13 21.7 131.0
25-3 13 15.6 89.0
25-3 13 8.7 124.0
25-3 13 10.4 139.0
25-3 13 16.5 136.0
25-3 13 26.1 100.0
25-3 13 20.0 104.0
25-3 13 15.6 170.0
25-3 13 16.5 133.0
25-3 13 20.9 91.0
25-3 13 4.3 148.0
25-3 13 17.4 152.0
25-3 14 16.5 110.0
25-3 14 14.8 129.0
25-3 14 21.7 99.0
25-3 14 15.6 110.0
25-3 14 11.3 111.0
25-3 14 19.1 100.0
25-3 14 21.7 98.0
25-3 14 21.7 113.0
25-3 14 20.9 156.0
25-3 14 7.8 123.0
25-3 14 16.5 140.0
25-3 14 8.7 114.0
25-3 14 13.0 90.0
25-3 14 18.2 359.0
25-3 14 13.9 359.0
25-3 14 15.6 112.0
25-3 14 25.2 97.0
25-3 14 18.2 101.0
25-3 14 21.7 111.0
25-3 14 12.2 120.0
25-3 14 4.3 120.0
25-3 14 6.1 168.0
25-3 14 14.8 147.0
25-3 14 7.0 152.0
25-3 14 7.8 134.0
25-3 14 9.6 125.0
25-3 14 13.0 95.0
25-3 14 15.6 122.0
25-3 14 10.4 118.0
25-3 14 5.2 136.0
25-3 15 1.7 133.0
25-3 15 9.6 120.0
25-3 15 7.8 135.0
25-3 15 7.8 183.0
25-3 15 0.9 183.0
25-3 15 5.2 139.0
25-3 15 13.9 118.0
25-3 15 12.2 114.0
25-3 15 11.3 157.0
25-3 15 12.2 135.0
25-3 15 14.8 147.0
25-3 15 10.4 150.0
25-3 15 10.4 149.0
25-3 15 12.2 129.0
25-3 15 11.3 113.0
25-3 15 7.8 181.0
25-3 15 11.3 144.0
25-3 15 12.2 136.0
25-3 15 7.0 197.0
25-3 15 7.8 180.0
25-3 15 8.7 136.0
25-3 15 10.4 131.0
25-3 15 7.0 122.0
25-3 15 20.0 122.0
25-3 15 6.1 156.0
25-3 15 12.2 173.0
25-3 15 12.2 118.0
25-3 15 7.0 140.0
25-3 15 15.6 143.0
25-3 15 14.8 108.0
25-3 16 10.4 135.0
25-3 16 14.8 168.0
25-3 16 13.0 173.0
25-3 16 7.8 185.0
25-3 16 19.1 117.0
25-3 16 8.7 167.0
25-3 16 11.3 148.0
25-3 16 10.4 120.0
25-3 16 13.9 141.0
25-3 16 10.4 134.0
25-3 16 15.6 150.0
25-3 16 17.4 156.0
25-3 16 15.6 147.0
25-3 16 18.2 112.0
25-3 16 20.0 110.0
25-3 16 13.9 162.0
25-3 16 19.1 133.0
25-3 16 13.0 154.0
25-3 16 7.8 102.0
25-3 16 6.1 95.0
25-3 16 7.0 95.0
25-3 16 9.6 97.0
25-3 16 13.9 113.0
25-3 16 12.2 110.0
25-3 16 12.2 97.0
25-3 16 13.0 125.0
25-3 16 9.6 144.0
25-3 16 18.2 122.0
25-3 16 6.1 133.0
25-3 16 8.7 103.0
25-3 17 24.3 97.0
25-3 17 8.7 127.0
25-3 17 8.7 111.0
25-3 17 7.8 149.0
25-3 17 14.8 114.0
25-3 17 20.0 97.0
25-3 17 17.4 130.0
25-3 17 20.0 107.0
25-3 17 13.9 105.0
25-3 17 12.2 127.0
25-3 17 14.8 122.0
25-3 17 13.9 107.0
25-3 17 14.8 108.0
25-3 17 8.7 130.0
25-3 17 22.6 111.0
25-3 17 9.6 109.0
25-3 17 9.6 93.0
25-3 17 9.6 162.0
25-3 17 17.4 131.0
25-3 17 7.8 93.0
25-3 17 7.0 116.0
25-3 17 8.7 141.0
25-3 17 3.5 149.0
25-3 17 3.5 359.0
25-3 17 10.4 359.0
25-3 17 8.7 139.0
25-3 17 9.6 124.0
25-3 17 9.6 146.0
25-3 17 10.4 112.0
25-3 17 8.7 134.0
25-3 18 12.2 152.0
25-3 18 16.5 106.0
25-3 18 16.5 136.0
25-3 18 6.1 137.0
25-3 18 19.1 112.0
25-3 18 11.3 172.0
25-3 18 16.5 107.0
25-3 18 11.3 129.0
25-3 18 11.3 105.0
25-3 18 7.8 120.0
25-3 18 12.2 131.0
25-3 18 14.8 125.0
25-3 18 16.5 359.0
25-3 18 11.3 359.0
25-3 18 21.7 100.0
25-3 18 11.3 104.0
25-3 18 13.0 100.0
25-3 18 7.0 193.0
25-3 18 16.5 359.0
25-3 18 14.8 90.0
25-3 18 12.2 102.0
25-3 18 15.6 359.0
25-3 18 7.8 170.0
25-3 18 7.8 108.0
25-3 18 17.4 99.0
25-3 18 16.5 109.0
25-3 18 22.6 99.0
25-3 18 18.2 135.0
25-3 18 7.0 359.0
25-3 18 13.9 108.0
25-3 19 14.8 122.0
25-3 19 20.0 116.0
25-3 19 15.6 91.0
25-3 19 13.0 109.0
25-3 19 9.6 108.0
25-3 19 8.7 58.0
25-3 19 5.2 359.0
25-3 19 10.4 106.0
25-3 19 13.9 359.0
25-3 19 4.3 77.0
25-3 19 8.7 117.0
25-3 19 9.6 164.0
25-3 19 4.3 143.0
25-3 19 9.6 115.0
25-3 19 6.1 127.0
25-3 19 11.3 109.0
25-3 19 2.6 107.0
25-3 19 9.6 105.0
25-3 19 7.8 161.0
25-3 19 7.0 359.0
25-3 19 7.8 107.0
25-3 19 3.5 359.0
25-3 19 7.8 177.0
25-3 19 9.6 137.0
25-3 19 5.2 359.0
25-3 19 9.6 134.0
25-3 19 13.9 95.0
25-3 19 11.3 106.0
25-3 19 8.7 112.0
25-3 19 6.1 92.0
25-3 20 12.2 110.0
25-3 20 3.5 169.0
25-3 20 11.3 131.0
25-3 20 7.8 359.0
25-3 20 12.2 115.0
25-3 20 9.6 106.0
25-3 20 8.7 80.0
25-3 20 17.4 105.0
25-3 20 12.2 110.0
25-3 20 7.0 147.0
25-3 20 3.5 130.0
25-3 20 7.8 137.0
25-3 20 0.9 151.0
25-3 20 7.8 142.0
25-3 20 12.2 106.0
25-3 20 12.2 110.0
25-3 20 8.7 359.0
25-3 20 16.5 114.0
25-3 20 13.9 107.0
25-3 20 13.0 103.0
25-3 20 8.7 118.0
25-3 20 9.6 138.0
25-3 20 13.0 93.0
25-3 20 10.4 122.0
25-3 20 9.6 359.0
25-3 20 16.5 120.0
25-3 20 13.9 116.0
25-3 20 15.6 115.0
25-3 20 11.3 127.0
25-3 20 14.8 102.0
25-3 21 16.5 108.0
25-3 21 7.8 130.0
25-3 21 11.3 110.0
25-3 21 12.2 170.0
25-3 21 8.7 89.0
25-3 21 12.2 127.0
25-3 21 13.0 100.0
25-3 21 13.9 111.0
25-3 21 7.0 137.0
25-3 21 13.0 89.0
25-3 21 5.2 156.0
25-3 21 7.0 151.0
25-3 21 7.0 187.0
25-3 21 10.4 154.0
25-3 21 12.2 111.0
25-3 21 16.5 116.0
25-3 21 18.2 113.0
25-3 21 20.0 90.0
25-3 21 23.5 106.0
25-3 21 15.6 98.0
25-3 21 19.1 85.0
25-3 21 9.6 106.0
25-3 21 20.9 89.0
25-3 21 8.7 97.0
25-3 21 12.2 87.0
25-3 21 8.7 104.0
25-3 21 14.8 109.0
25-3 21 8.7 154.0
25-3 21 13.0 80.0
25-3 21 15.6 97.0
25-3 22 12.2 95.0
25-3 22 15.6 111.0
25-3 22 10.4 106.0
25-3 22 11.3 100.0
25-3 22 20.9 120.0
25-3 22 8.7 97.0
25-3 22 6.1 120.0
25-3 22 14.8 122.0
25-3 22 13.9 104.0
25-3 22 6.1 135.0
25-3 22 10.4 101.0
25-3 22 14.8 79.0
25-3 22 11.3 92.0
25-3 22 13.0 97.0
25-3 22 18.2 73.0
25-3 22 16.5 91.0
25-3 22 12.2 104.0
25-3 22 10.4 122.0
25-3 22 13.0 86.0
25-3 22 15.6 82.0
25-3 22 11.3 97.0
25-3 22 7.8 104.0
25-3 22 11.3 95.0
25-3 22 7.0 88.0
25-3 22 8.7 87.0
25-3 22 10.4 104.0
25-3 22 9.6 86.0
25-3 22 13.9 120.0
25-3 22 12.2 97.0
25-3 22 10.4 106.0
25-3 23 19.1 86.0
25-3 23 13.0 89.0
25-3 23 7.8 135.0
25-3 23 13.9 103.0
25-3 23 11.3 87.0
25-3 23 15.6 108.0
25-3 23 9.6 100.0
25-3 23 16.5 72.0
25-3 23 9.6 97.0
25-3 23 13.9 120.0
25-3 23 13.9 103.0
25-3 23 8.7 107.0
25-3 23 23.5 79.0
25-3 23 8.7 20.0
25-3 23 13.0 118.0
25-3 23 13.9 93.0
25-3 23 12.2 116.0
25-3 23 8.7 104.0
25-3 23 11.3 100.0
25-3 23 12.2 88.0
25-3 23 11.3 112.0
25-3 23 18.2 88.0
25-3 23 15.6 96.0
25-3 23 14.8 115.0
25-3 23 9.6 72.0
25-3 23 14.8 101.0
25-3 23 7.8 102.0
25-3 23 13.9 106.0
25-3 23 11.3 77.0
25-3 23 9.6 89.0
