25-4 5 12.2 359.0
25-4 5 15.6 359.0
25-4 5 20.9 359.0
25-4 5 15.6 359.0
25-4 5 12.2 354.0
25-4 5 14.8 282.0
25-4 5 16.5 295.0
25-4 5 16.5 302.0
25-4 5 17.4 294.0
25-4 5 13.9 328.0
25-4 5 18.2 359.0
25-4 5 18.2 330.0
25-4 5 14.8 305.0
25-4 5 20.9 359.0
25-4 5 18.2 359.0
25-4 5 13.9 332.0
25-4 5 15.6 359.0
25-4 5 18.2 359.0
25-4 5 18.2 301.0
25-4 5 20.0 309.0
25-4 5 17.4 310.0
25-4 5 22.6 359.0
25-4 5 19.1 278.0
25-4 5 21.7 299.0
25-4 5 15.6 359.0
25-4 5 17.4 300.0
25-4 5 20.9 359.0
25-4 5 14.8 359.0
25-4 5 18.2 332.0
25-4 5 17.4 326.0
25-4 6 18.2 359.0
25-4 6 19.1 343.0
25-4 6 14.8 359.0
25-4 6 17.4 359.0
25-4 6 11.3 359.0
25-4 6 15.6 359.0
25-4 6 20.0 321.0
25-4 6 11.3 359.0
25-4 6 15.6 359.0
25-4 6 15.6 359.0
25-4 6 15.6 21.0
25-4 6 14.8 4.0
25-4 6 14.8 359.0
25-4 6 18.2 13.0
25-4 6 14.8 4.0
25-4 6 15.6 18.0
25-4 6 14.8 359.0
25-4 6 14.8 354.0
25-4 6 17.4 359.0
25-4 6 19.1 359.0
25-4 6 19.1 349.0
25-4 6 14.8 359.0
25-4 6 15.6 359.0
25-4 6 20.0 359.0
25-4 6 15.6 345.0
25-4 6 18.2 359.0
25-4 6 19.1 23.0
25-4 6 15.6 354.0
25-4 6 17.4 346.0
25-4 6 13.9 316.0
25-4 7 17.4 359.0
25-4 7 16.5 359.0
25-4 7 17.4 9.0
25-4 7 19.1 324.0
25-4 7 17.4 359.0
25-4 7 15.6 359.0
25-4 7 17.4 345.0
25-4 7 15.6 359.0
25-4 7 11.3 359.0
25-4 7 13.0 359.0
25-4 7 13.0 359.0
25-4 7 14.8 359.0
25-4 7 12.2 14.0
25-4 7 13.0 320.0
25-4 7 13.9 359.0
25-4 7 18.2 18.0
25-4 7 10.4 324.0
25-4 7 11.3 339.0
25-4 7 12.2 359.0
25-4 7 14.8 354.0
25-4 7 10.4 345.0
25-4 7 11.3 359.0
25-4 7 13.0 350.0
25-4 7 11.3 359.0
25-4 7 11.3 4.0
25-4 7 10.4 359.0
25-4 7 11.3 9.0
25-4 7 10.4 347.0
25-4 7 13.0 344.0
25-4 7 13.9 359.0
25-4 8 13.0 349.0
25-4 8 12.2 359.0
25-4 8 14.8 359.0
25-4 8 15.6 359.0
25-4 8 13.9 4.0
25-4 8 16.5 4.0
25-4 8 11.3 359.0
25-4 8 13.9 359.0
25-4 8 14.8 350.0
25-4 8 13.0 330.0
25-4 8 14.8 16.0
25-4 8 14.8 310.0
25-4 8 15.6 359.0
25-4 8 10.4 359.0
25-4 8 12.2 350.0
25-4 8 13.9 359.0
25-4 8 13.0 359.0
25-4 8 11.3 359.0
25-4 8 13.9 330.0
25-4 8 17.4 14.0
25-4 8 13.9 330.0
25-4 8 12.2 342.0
25-4 8 17.4 354.0
25-4 8 13.9 4.0
25-4 8 13.9 323.0
25-4 8 10.4 359.0
25-4 8 10.4 12.0
25-4 8 11.3 359.0
25-4 8 13.0 11.0
25-4 8 13.0 359.0
25-4 9 13.9 359.0
25-4 9 12.2 328.0
25-4 9 13.9 359.0
25-4 9 12.2 359.0
25-4 9 13.0 354.0
25-4 9 10.4 359.0
25-4 9 11.3 10.0
25-4 9 14.8 26.0
25-4 9 13.0 347.0
25-4 9 15.6 354.0
25-4 9 13.9 322.0
25-4 9 14.8 359.0
25-4 9 14.8 359.0
25-4 9 18.2 9.0
25-4 9 13.9 359.0
25-4 9 13.9 359.0
25-4 9 15.6 359.0
25-4 9 11.3 349.0
25-4 9 15.6 339.0
25-4 9 13.9 9.0
25-4 9 15.6 335.0
25-4 9 14.8 332.0
25-4 9 11.3 359.0
25-4 9 13.9 359.0
25-4 9 7.8 320.0
25-4 9 13.9 359.0
25-4 9 14.8 316.0
25-4 9 13.9 4.0
25-4 9 12.2 336.0
25-4 9 10.4 359.0
25-4 10 13.0 359.0
25-4 10 14.8 359.0
25-4 10 16.5 342.0
25-4 10 13.0 324.0
25-4 10 11.3 359.0
25-4 10 9.6 289.0
25-4 10 13.9 359.0
25-4 10 13.0 335.0
25-4 10 17.4 359.0
25-4 10 7.8 330.0
25-4 10 11.3 359.0
25-4 10 11.3 359.0
25-4 10 13.0 359.0
25-4 10 13.0 343.0
25-4 10 11.3 287.0
25-4 10 12.2 327.0
25-4 10 11.3 359.0
25-4 10 11.3 321.0
25-4 10 9.6 359.0
25-4 10 12.2 320.0
25-4 10 10.4 359.0
25-4 10 7.8 292.0
25-4 10 13.0 359.0
25-4 10 8.7 359.0
25-4 10 6.1 327.0
25-4 10 14.8 310.0
25-4 10 15.6 310.0
25-4 10 13.0 330.0
25-4 10 11.3 359.0
25-4 10 11.3 318.0
25-4 11 11.3 359.0
25-4 11 15.6 299.0
25-4 11 13.0 325.0
25-4 11 10.4 359.0
25-4 11 11.3 305.0
25-4 11 10.4 359.0
25-4 11 11.3 359.0
25-4 11 10.4 287.0
25-4 11 11.3 359.0
25-4 11 8.7 337.0
25-4 11 12.2 317.0
25-4 11 13.0 304.0
25-4 11 12.2 320.0
25-4 11 13.0 303.0
25-4 11 13.0 305.0
25-4 11 13.0 296.0
25-4 11 14.8 359.0
25-4 11 13.9 283.0
25-4 11 9.6 359.0
25-4 11 10.4 359.0
25-4 11 8.7 359.0
25-4 11 12.2 323.0
25-4 11 7.8 359.0
25-4 11 13.0 308.0
25-4 11 10.4 359.0
25-4 11 13.9 299.0
25-4 11 11.3 314.0
25-4 11 8.7 305.0
25-4 11 6.1 359.0
25-4 11 10.4 359.0
25-4 12 11.3 308.0
25-4 12 10.4 321.0
25-4 12 9.6 359.0
25-4 12 9.6 359.0
25-4 12 12.2 305.0
25-4 12 9.6 298.0
25-4 12 8.7 14.0
25-4 12 9.6 359.0
25-4 12 12.2 359.0
25-4 12 9.6 316.0
25-4 12 11.3 303.0
25-4 12 8.7 359.0
25-4 12 10.4 272.0
25-4 12 9.6 291.0
25-4 12 11.3 281.0
25-4 12 13.0 311.0
25-4 12 11.3 271.0
25-4 12 14.8 276.0
25-4 12 15.6 294.0
25-4 12 13.0 286.0
25-4 12 15.6 283.0
25-4 12 13.0 289.0
25-4 12 14.8 359.0
25-4 12 13.9 359.0
25-4 12 13.9 278.0
25-4 12 11.3 359.0
25-4 12 12.2 276.0
25-4 12 13.9 359.0
25-4 12 14.8 293.0
25-4 12 15.6 359.0
25-4 13 12.2 283.0
25-4 13 13.9 304.0
25-4 13 12.2 293.0
25-4 13 13.0 295.0
25-4 13 12.2 359.0
25-4 13 13.0 359.0
25-4 13 13.9 285.0
25-4 13 12.2 277.0
25-4 13 13.9 284.0
25-4 13 15.6 278.0
25-4 13 10.4 251.0
25-4 13 12.2 359.0
25-4 13 13.0 359.0
25-4 13 13.0 256.0
25-4 13 12.2 254.0
25-4 13 12.2 274.0
25-4 13 11.3 272.0
25-4 13 8.7 359.0
25-4 13 15.6 359.0
25-4 13 13.9 270.0
25-4 13 13.0 359.0
25-4 13 12.2 260.0
25-4 13 15.6 359.0
25-4 13 8.7 359.0
25-4 13 12.2 248.0
25-4 13 10.4 359.0
25-4 13 13.0 249.0
25-4 13 14.8 359.0
25-4 13 11.3 259.0
25-4 13 13.9 244.0
25-4 14 12.2 359.0
25-4 14 14.8 359.0
25-4 14 12.2 359.0
25-4 14 12.2 359.0
25-4 14 13.0 359.0
25-4 14 12.2 359.0
25-4 14 7.8 359.0
25-4 14 10.4 259.0
25-4 14 13.0 359.0
25-4 14 13.9 236.0
25-4 14 13.0 359.0
25-4 14 16.5 260.0
25-4 14 13.9 264.0
25-4 14 16.5 359.0
25-4 14 11.3 244.0
25-4 14 15.6 253.0
25-4 14 13.9 359.0
25-4 14 11.3 257.0
25-4 14 17.4 248.0
25-4 14 13.0 246.0
25-4 14 16.5 256.0
25-4 14 14.8 257.0
25-4 14 15.6 245.0
25-4 14 15.6 256.0
25-4 14 16.5 359.0
25-4 14 16.5 249.0
25-4 14 19.1 359.0
25-4 14 15.6 359.0
25-4 14 13.9 249.0
25-4 14 18.2 359.0
25-4 15 13.9 359.0
25-4 15 13.0 248.0
25-4 15 16.5 253.0
25-4 15 13.0 250.0
25-4 15 11.3 216.0
25-4 15 15.6 359.0
25-4 15 13.9 359.0
25-4 15 16.5 251.0
25-4 15 13.0 359.0
25-4 15 11.3 359.0
25-4 15 10.4 254.0
25-4 15 13.9 264.0
25-4 15 12.2 264.0
25-4 15 14.8 257.0
25-4 15 18.2 248.0
25-4 15 16.5 359.0
25-4 15 15.6 359.0
25-4 15 12.2 224.0
25-4 15 13.9 236.0
25-4 15 14.8 238.0
25-4 15 17.4 247.0
25-4 15 15.6 241.0
25-4 15 14.8 359.0
25-4 15 12.2 245.0
25-4 15 16.5 241.0
25-4 15 13.9 359.0
25-4 15 19.1 359.0
25-4 15 14.8 359.0
25-4 15 16.5 245.0
25-4 15 9.6 258.0
25-4 16 13.9 241.0
25-4 16 13.0 260.0
25-4 16 12.2 359.0
25-4 16 13.0 359.0
25-4 16 12.2 359.0
25-4 16 9.6 245.0
25-4 16 12.2 359.0
25-4 16 13.0 359.0
25-4 16 13.0 359.0
25-4 16 9.6 241.0
25-4 16 10.4 234.0
25-4 16 12.2 246.0
25-4 16 9.6 243.0
25-4 16 13.0 359.0
25-4 16 8.7 251.0
25-4 16 15.6 359.0
25-4 16 13.9 359.0
25-4 16 15.6 244.0
25-4 16 8.7 359.0
25-4 16 10.4 241.0
25-4 16 11.3 359.0
25-4 16 10.4 359.0
25-4 16 7.0 244.0
25-4 16 11.3 359.0
25-4 16 10.4 246.0
25-4 16 13.0 245.0
25-4 16 8.7 359.0
25-4 16 13.0 359.0
25-4 16 12.2 359.0
25-4 16 10.4 359.0
25-4 17 9.6 359.0
25-4 17 13.0 251.0
25-4 17 5.2 236.0
25-4 17 10.4 226.0
25-4 17 9.6 359.0
25-4 17 8.7 208.0
25-4 17 10.4 359.0
25-4 17 10.4 359.0
25-4 17 7.8 224.0
25-4 17 7.8 247.0
25-4 17 7.8 228.0
25-4 17 8.7 359.0
25-4 17 8.7 359.0
25-4 17 10.4 359.0
25-4 17 12.2 359.0
25-4 17 12.2 359.0
25-4 17 12.2 231.0
25-4 17 10.4 238.0
25-4 17 9.6 359.0
25-4 17 7.8 359.0
25-4 17 8.7 359.0
25-4 17 9.6 359.0
25-4 17 10.4 359.0
25-4 17 10.4 233.0
25-4 17 10.4 359.0
25-4 17 7.8 359.0
25-4 17 8.7 217.0
25-4 17 7.0 228.0
25-4 17 7.8 240.0
25-4 17 7.8 247.0
25-4 18 9.6 222.0
25-4 18 5.2 228.0
25-4 18 7.0 212.0
25-4 18 7.8 248.0
25-4 18 8.7 224.0
25-4 18 11.3 225.0
25-4 18 11.3 237.0
25-4 18 10.4 219.0
25-4 18 10.4 225.0
25-4 18 6.1 359.0
25-4 18 8.7 359.0
25-4 18 11.3 249.0
25-4 18 8.7 233.0
25-4 18 9.6 359.0
25-4 18 7.8 359.0
25-4 18 7.0 359.0
25-4 18 8.7 242.0
25-4 18 11.3 359.0
25-4 18 8.7 243.0
25-4 18 10.4 359.0
25-4 18 8.7 359.0
25-4 18 9.6 235.0
25-4 18 10.4 359.0
25-4 18 7.8 239.0
25-4 18 7.0 231.0
25-4 18 10.4 233.0
25-4 18 8.7 214.0
25-4 18 7.0 359.0
25-4 18 8.7 359.0
25-4 18 7.0 227.0
25-4 19 11.3 243.0
25-4 19 12.2 359.0
25-4 19 13.9 359.0
25-4 19 7.8 242.0
25-4 19 8.7 359.0
25-4 19 9.6 243.0
25-4 19 7.8 241.0
25-4 19 11.3 359.0
25-4 19 9.6 359.0
25-4 19 7.0 227.0
25-4 19 7.8 359.0
25-4 19 6.1 359.0
25-4 19 6.1 239.0
25-4 19 6.1 359.0
25-4 19 5.2 226.0
25-4 19 7.8 359.0
25-4 19 5.2 237.0
25-4 19 7.8 233.0
25-4 19 6.1 238.0
25-4 19 7.8 359.0
25-4 19 6.1 359.0
25-4 19 7.0 226.0
25-4 19 7.0 231.0
25-4 19 8.7 221.0
25-4 19 7.0 224.0
25-4 19 5.2 359.0
25-4 19 8.7 228.0
25-4 19 8.7 243.0
25-4 19 6.1 359.0
25-4 19 5.2 359.0
25-4 20 5.2 359.0
25-4 20 6.1 242.0
25-4 20 4.3 359.0
25-4 20 5.2 359.0
25-4 20 5.2 220.0
25-4 20 7.0 359.0
25-4 20 4.3 359.0
25-4 20 7.0 237.0
25-4 20 6.1 223.0
25-4 20 4.3 241.0
25-4 20 6.1 224.0
25-4 20 6.1 359.0
25-4 20 7.0 359.0
25-4 20 3.5 359.0
25-4 20 6.1 359.0
25-4 20 4.3 226.0
25-4 20 4.3 359.0
25-4 20 5.2 359.0
25-4 20 4.3 261.0
25-4 20 5.2 359.0
25-4 20 3.5 264.0
25-4 20 5.2 222.0
25-4 20 5.2 223.0
25-4 20 4.3 212.0
25-4 20 6.1 227.0
25-4 20 7.0 239.0
25-4 20 6.1 231.0
25-4 20 7.0 232.0
25-4 20 6.1 233.0
25-4 20 4.3 359.0
25-4 21 4.3 250.0
25-4 21 3.5 237.0
25-4 21 4.3 359.0
25-4 21 4.3 249.0
25-4 21 1.7 238.0
25-4 21 3.5 235.0
25-4 21 3.5 235.0
25-4 21 5.2 359.0
25-4 21 0.9 359.0
25-4 21 2.6 359.0
25-4 21 2.6 359.0
25-4 21 1.7 359.0
25-4 21 3.5 263.0
25-4 21 4.3 359.0
25-4 21 4.3 359.0
25-4 21 2.6 238.0
25-4 21 3.5 241.0
25-4 21 4.3 247.0
25-4 21 2.6 240.0
25-4 21 3.5 359.0
25-4 21 4.3 262.0
25-4 21 4.3 359.0
25-4 21 4.3 261.0
25-4 21 5.2 359.0
25-4 21 4.3 242.0
25-4 21 3.5 244.0
25-4 21 2.6 250.0
25-4 21 0.9 251.0
25-4 21 1.7 359.0
25-4 21 0.9 251.0
25-4 22 3.5 251.0
25-4 22 1.7 359.0
25-4 22 0.9 253.0
25-4 22 1.7 359.0
25-4 22 1.7 359.0
25-4 22 2.6 359.0
25-4 22 2.6 249.0
25-4 22 2.6 270.0
25-4 22 1.7 359.0
25-4 22 1.7 257.0
25-4 22 2.6 359.0
25-4 22 2.6 259.0
25-4 22 0.9 262.0
25-4 22 1.7 259.0
25-4 22 2.6 359.0
25-4 22 1.7 258.0
25-4 22 0.9 359.0
25-4 22 0.0 359.0
25-4 22 0.9 359.0
25-4 22 0.9 359.0
25-4 22 1.7 359.0
25-4 22 1.7 258.0
25-4 22 0.9 254.0
25-4 22 1.7 359.0
25-4 22 2.6 359.0
25-4 22 1.7 359.0
25-4 22 0.9 254.0
25-4 22 1.7 260.0
25-4 22 1.7 359.0
25-4 22 0.9 359.0
25-4 23 0.9 359.0
25-4 23 1.7 256.0
25-4 23 0.9 359.0
25-4 23 0.9 359.0
25-4 23 1.7 249.0
25-4 23 0.0 359.0
25-4 23 0.0 359.0
25-4 23 0.9 256.0
25-4 23 0.0 257.0
25-4 23 0.0 256.0
25-4 23 0.9 253.0
25-4 23 0.9 359.0
25-4 23 0.9 258.0
25-4 23 0.0 359.0
25-4 23 0.0 359.0
25-4 23 0.0 359.0
25-4 23 1.7 359.0
25-4 23 0.9 359.0
25-4 23 1.7 359.0
25-4 23 0.9 258.0
25-4 23 0.9 359.0
25-4 23 1.7 252.0
25-4 23 0.0 259.0
25-4 23 0.0 359.0
25-4 23 0.0 257.0
25-4 23 1.7 258.0
25-4 23 0.0 249.0
25-4 23 1.7 359.0
25-4 23 0.9 359.0
25-4 23 1.7 274.0
