26-3 4 29.5 87.0
26-3 4 12.2 99.0
26-3 4 13.0 130.0
26-3 4 15.6 116.0
26-3 4 18.2 85.0
26-3 4 20.0 100.0
26-3 4 22.6 106.0
26-3 4 22.6 114.0
26-3 4 10.4 127.0
26-3 4 8.7 112.0
26-3 4 12.2 120.0
26-3 4 4.3 117.0
26-3 4 13.9 107.0
26-3 4 10.4 111.0
26-3 4 27.8 97.0
26-3 4 21.7 114.0
26-3 4 11.3 77.0
26-3 4 20.9 94.0
26-3 4 15.6 114.0
26-3 4 12.2 100.0
26-3 4 24.3 97.0
26-3 4 11.3 100.0
26-3 4 26.9 81.0
26-3 4 10.4 135.0
26-3 4 13.0 106.0
26-3 4 17.4 95.0
26-3 4 12.2 110.0
26-3 4 15.6 122.0
26-3 4 26.9 113.0
26-3 5 24.3 113.0
26-3 5 7.8 131.0
26-3 5 22.6 109.0
26-3 5 5.2 129.0
26-3 5 23.5 130.0
26-3 5 17.4 126.0
26-3 5 19.1 120.0
26-3 5 14.8 120.0
26-3 5 12.2 103.0
26-3 5 15.6 112.0
26-3 5 30.4 91.0
26-3 5 21.7 133.0
26-3 5 15.6 115.0
26-3 5 18.2 116.0
26-3 5 23.5 110.0
26-3 5 20.0 85.0
26-3 5 18.2 138.0
26-3 5 14.8 145.0
26-3 5 13.0 134.0
26-3 5 22.6 89.0
26-3 5 11.3 114.0
26-3 5 14.8 145.0
26-3 5 13.9 106.0
26-3 5 20.9 72.0
26-3 5 12.2 136.0
26-3 5 13.9 103.0
26-3 5 13.0 95.0
26-3 5 16.5 109.0
26-3 5 13.0 114.0
26-3 5 13.9 122.0
26-3 6 13.9 97.0
26-3 6 20.0 90.0
26-3 6 16.5 100.0
26-3 6 9.6 79.0
26-3 6 15.6 100.0
26-3 6 7.8 116.0
26-3 6 15.6 99.0
26-3 6 12.2 84.0
26-3 6 26.1 112.0
26-3 6 11.3 114.0
26-3 6 22.6 75.0
26-3 6 16.5 131.0
26-3 6 23.5 116.0
26-3 6 17.4 75.0
26-3 6 16.5 94.0
26-3 6 11.3 106.0
26-3 6 13.9 89.0
26-3 6 17.4 100.0
26-3 6 20.9 114.0
26-3 6 26.9 95.0
26-3 6 11.3 135.0
26-3 6 7.8 133.0
26-3 6 23.5 89.0
26-3 6 11.3 111.0
26-3 6 7.0 141.0
26-3 6 10.4 127.0
26-3 6 13.0 93.0
26-3 6 18.2 112.0
26-3 6 11.3 110.0
26-3 6 11.3 107.0
26-3 7 15.6 116.0
26-3 7 26.1 103.0
26-3 7 20.0 131.0
26-3 7 19.1 145.0
26-3 7 19.1 118.0
26-3 7 20.9 115.0
26-3 7 9.6 123.0
26-3 7 20.9 96.0
26-3 7 24.3 118.0
26-3 7 19.1 109.0
26-3 7 13.9 104.0
26-3 7 16.5 116.0
26-3 7 32.2 102.0
26-3 7 20.9 102.0
26-3 7 28.7 107.0
26-3 7 12.2 120.0
26-3 7 9.6 97.0
26-3 7 15.6 94.0
26-3 7 25.2 116.0
26-3 7 22.6 104.0
26-3 7 19.1 145.0
26-3 7 14.8 77.0
26-3 7 13.0 112.0
26-3 7 24.3 125.0
26-3 7 11.3 136.0
26-3 7 22.6 86.0
26-3 7 20.0 94.0
26-3 7 25.2 112.0
26-3 7 15.6 110.0
26-3 7 11.3 105.0
26-3 8 23.5 104.0
26-3 8 20.9 112.0
26-3 8 18.2 111.0
26-3 8 21.7 100.0
26-3 8 19.1 106.0
26-3 8 13.0 106.0
26-3 8 14.8 96.0
26-3 8 21.7 113.0
26-3 8 20.0 91.0
26-3 8 10.4 148.0
26-3 8 14.8 114.0
26-3 8 20.9 98.0
26-3 8 19.1 104.0
26-3 8 20.0 117.0
26-3 8 26.9 116.0
26-3 8 27.8 113.0
26-3 8 27.8 91.0
26-3 8 24.3 100.0
26-3 8 11.3 82.0
26-3 8 25.2 113.0
26-3 8 20.0 100.0
26-3 8 29.5 89.0
26-3 8 18.2 127.0
26-3 8 30.4 109.0
26-3 8 13.0 50.0
26-3 8 14.8 117.0
26-3 8 17.4 100.0
26-3 8 18.2 155.0
26-3 8 12.2 121.0
26-3 8 14.8 102.0
26-3 9 16.5 118.0
26-3 9 18.2 117.0
26-3 9 30.4 104.0
26-3 9 24.3 120.0
26-3 9 18.2 114.0
26-3 9 23.5 119.0
26-3 9 19.1 106.0
26-3 9 21.7 108.0
26-3 9 30.4 114.0
26-3 9 25.2 112.0
26-3 9 13.9 144.0
26-3 9 11.3 60.0
26-3 9 25.2 108.0
26-3 9 14.8 110.0
26-3 9 15.6 97.0
26-3 9 25.2 129.0
26-3 9 19.1 125.0
26-3 9 8.7 359.0
26-3 9 14.8 359.0
26-3 9 19.1 359.0
26-3 9 13.0 97.0
26-3 9 13.9 359.0
