26-4 5 1.7 62.0
26-4 5 2.6 62.0
26-4 5 2.6 60.0
26-4 5 1.7 359.0
26-4 5 0.9 58.0
26-4 5 1.7 61.0
26-4 5 2.6 35.0
26-4 5 2.6 51.0
26-4 5 1.7 55.0
26-4 5 4.3 58.0
26-4 5 3.5 69.0
26-4 5 4.3 79.0
26-4 5 1.7 71.0
26-4 5 2.6 65.0
26-4 5 2.6 63.0
26-4 5 3.5 66.0
26-4 5 2.6 63.0
26-4 5 2.6 359.0
26-4 5 1.7 68.0
26-4 5 2.6 62.0
26-4 5 3.5 66.0
26-4 5 3.5 359.0
26-4 5 4.3 60.0
26-4 5 3.5 77.0
26-4 5 3.5 75.0
26-4 5 3.5 65.0
26-4 5 2.6 64.0
26-4 5 2.6 66.0
26-4 5 2.6 61.0
26-4 5 6.1 65.0
26-4 6 4.3 62.0
26-4 6 2.6 66.0
26-4 6 2.6 359.0
26-4 6 2.6 65.0
26-4 6 3.5 64.0
26-4 6 3.5 61.0
26-4 6 3.5 60.0
26-4 6 4.3 78.0
26-4 6 4.3 63.0
26-4 6 4.3 64.0
26-4 6 4.3 359.0
26-4 6 4.3 71.0
26-4 6 5.2 78.0
26-4 6 4.3 68.0
26-4 6 4.3 64.0
26-4 6 4.3 66.0
26-4 6 4.3 359.0
26-4 6 4.3 68.0
26-4 6 4.3 74.0
26-4 6 3.5 62.0
26-4 6 4.3 66.0
26-4 6 4.3 69.0
26-4 6 6.1 67.0
26-4 6 2.6 68.0
26-4 6 6.1 73.0
26-4 6 3.5 359.0
26-4 6 4.3 359.0
26-4 6 3.5 73.0
26-4 6 4.3 63.0
26-4 6 3.5 70.0
26-4 7 4.3 66.0
26-4 7 6.1 71.0
26-4 7 4.3 73.0
26-4 7 6.1 80.0
26-4 7 4.3 359.0
26-4 7 4.3 70.0
26-4 7 5.2 79.0
26-4 7 4.3 81.0
26-4 7 5.2 78.0
26-4 7 4.3 83.0
26-4 7 2.6 83.0
26-4 7 5.2 81.0
26-4 7 3.5 72.0
26-4 7 2.6 79.0
26-4 7 4.3 75.0
26-4 7 4.3 83.0
26-4 7 4.3 77.0
26-4 7 4.3 83.0
26-4 7 5.2 82.0
26-4 7 5.2 84.0
26-4 7 6.1 81.0
26-4 7 6.1 79.0
26-4 7 4.3 85.0
26-4 7 5.2 85.0
26-4 7 4.3 359.0
26-4 7 5.2 83.0
26-4 7 3.5 359.0
26-4 7 5.2 82.0
26-4 7 2.6 83.0
26-4 7 3.5 359.0
26-4 8 4.3 85.0
26-4 8 3.5 359.0
26-4 8 1.7 85.0
26-4 8 2.6 359.0
26-4 8 2.6 359.0
26-4 8 4.3 82.0
26-4 8 1.7 81.0
26-4 8 1.7 359.0
26-4 8 2.6 359.0
26-4 8 8.7 110.0
26-4 8 7.0 359.0
26-4 8 3.5 359.0
26-4 8 4.3 117.0
26-4 8 6.1 107.0
26-4 8 7.0 185.0
26-4 8 7.0 113.0
26-4 8 2.6 359.0
26-4 8 11.3 122.0
26-4 8 6.1 359.0
26-4 8 7.0 129.0
26-4 8 4.3 359.0
26-4 8 2.6 359.0
26-4 8 8.7 359.0
26-4 8 11.3 359.0
26-4 8 10.4 160.0
26-4 8 9.6 359.0
26-4 8 5.2 158.0
26-4 8 5.2 124.0
26-4 8 5.2 165.0
26-4 8 4.3 133.0
26-4 9 8.7 359.0
26-4 9 8.7 359.0
26-4 9 2.6 359.0
26-4 9 1.7 139.0
26-4 9 6.1 135.0
26-4 9 7.8 359.0
26-4 9 2.6 359.0
26-4 9 4.3 120.0
26-4 9 3.5 104.0
26-4 9 2.6 145.0
26-4 9 5.2 97.0
26-4 9 5.2 139.0
26-4 9 7.8 112.0
26-4 9 8.7 125.0
26-4 9 12.2 359.0
26-4 9 9.6 141.0
26-4 9 5.2 359.0
26-4 9 7.8 114.0
26-4 9 5.2 148.0
26-4 9 6.1 359.0
26-4 9 4.3 359.0
26-4 9 4.3 132.0
26-4 9 13.0 106.0
26-4 9 6.1 132.0
26-4 9 7.8 111.0
26-4 9 7.0 359.0
26-4 9 6.1 108.0
26-4 9 6.1 125.0
26-4 9 7.0 106.0
26-4 9 4.3 359.0
26-4 10 2.6 117.0
26-4 10 2.6 97.0
26-4 10 2.6 102.0
26-4 10 6.1 122.0
26-4 10 3.5 107.0
26-4 10 7.0 69.0
26-4 10 3.5 107.0
26-4 10 5.2 359.0
26-4 10 7.8 95.0
26-4 10 4.3 125.0
26-4 10 4.3 114.0
26-4 10 4.3 106.0
26-4 10 4.3 111.0
26-4 10 3.5 108.0
26-4 10 6.1 89.0
26-4 10 0.9 125.0
26-4 10 3.5 120.0
26-4 10 4.3 359.0
26-4 10 4.3 359.0
26-4 10 2.6 82.0
26-4 10 7.0 103.0
26-4 10 7.0 359.0
26-4 10 3.5 133.0
26-4 10 2.6 110.0
26-4 10 0.9 113.0
26-4 10 4.3 112.0
26-4 10 2.6 359.0
26-4 10 4.3 123.0
26-4 10 2.6 144.0
26-4 10 4.3 127.0
26-4 11 7.0 140.0
26-4 11 6.1 115.0
26-4 11 6.1 97.0
26-4 11 1.7 112.0
26-4 11 6.1 97.0
26-4 11 4.3 105.0
26-4 11 6.1 136.0
26-4 11 4.3 359.0
26-4 11 6.1 83.0
26-4 11 9.6 139.0
26-4 11 7.0 107.0
26-4 11 8.7 150.0
26-4 11 10.4 115.0
26-4 11 9.6 124.0
26-4 11 7.0 106.0
26-4 11 7.8 130.0
26-4 11 3.5 105.0
26-4 11 6.1 359.0
26-4 11 10.4 359.0
26-4 11 7.0 154.0
26-4 11 2.6 359.0
26-4 11 4.3 160.0
26-4 11 8.7 106.0
26-4 11 7.8 123.0
26-4 11 7.8 359.0
26-4 11 5.2 359.0
26-4 11 6.1 122.0
26-4 11 13.0 359.0
26-4 11 10.4 359.0
26-4 11 9.6 359.0
26-4 12 6.1 359.0
26-4 12 9.6 108.0
26-4 12 7.8 110.0
26-4 12 6.1 359.0
26-4 12 8.7 109.0
26-4 12 7.8 110.0
26-4 12 7.8 115.0
26-4 12 8.7 106.0
26-4 12 13.0 359.0
26-4 12 9.6 118.0
26-4 12 6.1 359.0
26-4 12 5.2 359.0
26-4 12 7.0 135.0
26-4 12 8.7 125.0
26-4 12 10.4 105.0
26-4 12 10.4 142.0
26-4 12 7.8 102.0
26-4 12 7.0 115.0
26-4 12 7.0 133.0
26-4 12 5.2 174.0
26-4 12 9.6 110.0
26-4 12 8.7 116.0
26-4 12 8.7 130.0
26-4 12 7.8 99.0
26-4 12 5.2 133.0
26-4 12 8.7 160.0
26-4 12 3.5 359.0
26-4 12 12.2 359.0
26-4 12 9.6 187.0
26-4 12 13.0 118.0
26-4 13 10.4 136.0
26-4 13 5.2 125.0
26-4 13 7.8 138.0
26-4 13 10.4 115.0
26-4 13 4.3 144.0
26-4 13 14.8 122.0
26-4 13 9.6 141.0
26-4 13 10.4 139.0
26-4 13 16.5 120.0
26-4 13 7.0 121.0
26-4 13 7.8 142.0
26-4 13 13.0 165.0
26-4 13 2.6 179.0
26-4 13 7.0 359.0
26-4 13 7.8 121.0
26-4 13 7.8 110.0
26-4 13 8.7 131.0
26-4 13 7.0 168.0
26-4 13 13.0 128.0
26-4 13 7.8 155.0
26-4 13 7.0 164.0
26-4 13 6.1 146.0
26-4 13 7.0 118.0
26-4 13 6.1 154.0
26-4 13 20.9 122.0
26-4 13 6.1 108.0
26-4 13 10.4 110.0
26-4 13 11.3 98.0
26-4 13 13.0 89.0
26-4 13 1.7 163.0
26-4 14 5.2 164.0
26-4 14 9.6 112.0
26-4 14 4.3 359.0
26-4 14 4.3 172.0
26-4 14 9.6 126.0
26-4 14 7.8 144.0
26-4 14 8.7 111.0
26-4 14 7.0 163.0
26-4 14 14.8 131.0
26-4 14 6.1 131.0
26-4 14 7.0 112.0
26-4 14 9.6 112.0
26-4 14 12.2 112.0
26-4 14 4.3 151.0
26-4 14 15.6 138.0
26-4 14 1.7 154.0
26-4 14 9.6 359.0
26-4 14 4.3 127.0
26-4 14 9.6 135.0
26-4 14 10.4 125.0
26-4 14 11.3 147.0
26-4 14 15.6 103.0
26-4 14 13.0 113.0
26-4 14 15.6 185.0
26-4 14 11.3 94.0
26-4 14 10.4 130.0
26-4 14 7.0 141.0
26-4 14 1.7 152.0
26-4 14 13.9 114.0
26-4 14 9.6 120.0
26-4 15 13.9 122.0
26-4 15 13.9 114.0
26-4 15 11.3 135.0
26-4 15 5.2 141.0
26-4 15 7.8 102.0
26-4 15 7.8 130.0
26-4 15 2.6 65.0
26-4 15 13.9 104.0
26-4 15 8.7 118.0
26-4 15 7.8 135.0
26-4 15 9.6 134.0
26-4 15 11.3 145.0
26-4 15 5.2 143.0
26-4 15 7.8 108.0
26-4 15 4.3 141.0
26-4 15 5.2 147.0
26-4 15 6.1 166.0
26-4 15 6.1 139.0
26-4 15 1.7 106.0
26-4 15 3.5 189.0
26-4 15 6.1 154.0
26-4 15 13.0 154.0
26-4 15 12.2 160.0
26-4 15 14.8 108.0
26-4 15 7.0 153.0
26-4 15 11.3 167.0
26-4 15 8.7 129.0
26-4 15 9.6 106.0
26-4 15 12.2 102.0
26-4 15 10.4 119.0
26-4 16 9.6 153.0
26-4 16 7.0 84.0
26-4 16 6.1 179.0
26-4 16 7.8 137.0
26-4 16 7.0 105.0
26-4 16 8.7 116.0
26-4 16 7.8 166.0
26-4 16 15.6 93.0
26-4 16 9.6 135.0
26-4 16 6.1 110.0
26-4 16 12.2 123.0
26-4 16 8.7 173.0
26-4 16 9.6 170.0
26-4 16 8.7 147.0
26-4 16 7.8 95.0
26-4 16 9.6 174.0
26-4 16 5.2 157.0
26-4 16 7.0 131.0
26-4 16 8.7 114.0
26-4 16 5.2 135.0
26-4 16 10.4 114.0
26-4 16 14.8 167.0
26-4 16 13.9 97.0
26-4 16 3.5 131.0
26-4 16 6.1 129.0
26-4 16 12.2 110.0
26-4 16 1.7 132.0
26-4 16 5.2 164.0
26-4 16 7.0 129.0
26-4 16 7.0 160.0
26-4 17 7.8 147.0
26-4 17 2.6 107.0
26-4 17 13.0 105.0
26-4 17 12.2 139.0
26-4 17 9.6 127.0
26-4 17 9.6 112.0
26-4 17 3.5 154.0
26-4 17 2.6 95.0
26-4 17 5.2 137.0
26-4 17 2.6 183.0
26-4 17 3.5 168.0
26-4 17 9.6 127.0
26-4 17 4.3 174.0
26-4 17 1.7 175.0
26-4 17 6.1 145.0
26-4 17 5.2 156.0
26-4 17 6.1 98.0
26-4 17 3.5 163.0
26-4 17 5.2 148.0
26-4 17 7.8 87.0
26-4 17 7.8 110.0
26-4 17 10.4 164.0
26-4 17 4.3 170.0
26-4 17 3.5 155.0
26-4 17 15.6 132.0
26-4 17 6.1 173.0
26-4 17 6.1 189.0
26-4 17 4.3 95.0
26-4 17 5.2 89.0
26-4 17 5.2 149.0
26-4 18 4.3 145.0
26-4 18 6.1 127.0
26-4 18 5.2 155.0
26-4 18 5.2 143.0
26-4 18 12.2 107.0
26-4 18 7.0 117.0
26-4 18 9.6 104.0
26-4 18 10.4 139.0
26-4 18 12.2 114.0
26-4 18 11.3 109.0
26-4 18 7.0 160.0
26-4 18 14.8 134.0
26-4 18 3.5 185.0
26-4 18 12.2 116.0
26-4 18 12.2 114.0
26-4 18 6.1 129.0
26-4 18 6.1 102.0
26-4 18 2.6 84.0
26-4 18 7.8 116.0
26-4 18 7.0 112.0
26-4 18 7.0 147.0
26-4 18 11.3 95.0
26-4 18 12.2 110.0
26-4 18 11.3 110.0
26-4 18 13.9 85.0
26-4 18 4.3 155.0
26-4 18 5.2 138.0
26-4 18 8.7 110.0
26-4 18 16.5 122.0
26-4 18 8.7 158.0
26-4 19 10.4 121.0
26-4 19 8.7 73.0
26-4 19 7.8 101.0
26-4 19 7.8 104.0
26-4 19 8.7 112.0
26-4 19 11.3 126.0
26-4 19 10.4 119.0
26-4 19 6.1 101.0
26-4 19 4.3 179.0
26-4 19 6.1 359.0
26-4 19 7.0 113.0
26-4 19 3.5 155.0
26-4 19 10.4 118.0
26-4 19 5.2 160.0
26-4 19 4.3 179.0
26-4 19 10.4 110.0
26-4 19 2.6 139.0
26-4 19 7.8 116.0
26-4 19 13.0 116.0
26-4 19 13.9 127.0
26-4 19 3.5 138.0
26-4 19 11.3 93.0
26-4 19 7.0 112.0
26-4 19 11.3 124.0
26-4 19 7.8 102.0
26-4 19 6.1 359.0
26-4 19 10.4 111.0
26-4 19 7.8 110.0
26-4 19 7.8 149.0
26-4 19 4.3 107.0
26-4 20 6.1 120.0
26-4 20 7.8 146.0
26-4 20 10.4 359.0
26-4 20 5.2 128.0
26-4 20 3.5 116.0
26-4 20 8.7 104.0
26-4 20 7.8 133.0
26-4 20 4.3 146.0
26-4 20 7.0 122.0
26-4 20 7.8 108.0
26-4 20 2.6 119.0
26-4 20 9.6 112.0
26-4 20 8.7 85.0
26-4 20 7.8 147.0
26-4 20 10.4 113.0
26-4 20 10.4 117.0
26-4 20 6.1 359.0
26-4 20 6.1 148.0
26-4 20 11.3 113.0
26-4 20 11.3 114.0
26-4 20 5.2 129.0
26-4 20 6.1 112.0
26-4 20 10.4 120.0
26-4 20 9.6 99.0
26-4 20 8.7 141.0
26-4 20 4.3 149.0
26-4 20 5.2 130.0
26-4 20 4.3 100.0
26-4 20 7.8 118.0
26-4 20 1.7 110.0
26-4 21 4.3 86.0
26-4 21 7.0 359.0
26-4 21 8.7 112.0
26-4 21 11.3 110.0
26-4 21 13.0 107.0
26-4 21 7.0 89.0
26-4 21 10.4 118.0
26-4 21 7.0 359.0
26-4 21 8.7 129.0
26-4 21 6.1 110.0
26-4 21 6.1 127.0
26-4 21 10.4 114.0
26-4 21 6.1 118.0
26-4 21 10.4 104.0
26-4 21 8.7 99.0
26-4 21 3.5 117.0
26-4 21 11.3 105.0
26-4 21 7.0 149.0
26-4 21 9.6 110.0
26-4 21 16.5 111.0
26-4 21 13.0 109.0
26-4 21 14.8 108.0
26-4 21 9.6 134.0
26-4 21 15.6 118.0
26-4 21 14.8 110.0
26-4 21 8.7 108.0
26-4 21 12.2 103.0
26-4 21 8.7 106.0
26-4 21 7.0 116.0
26-4 21 8.7 117.0
26-4 22 11.3 97.0
26-4 22 8.7 88.0
26-4 22 6.1 113.0
26-4 22 3.5 359.0
26-4 22 6.1 359.0
26-4 22 8.7 105.0
26-4 22 8.7 94.0
26-4 22 6.1 116.0
26-4 22 8.7 359.0
26-4 22 10.4 122.0
26-4 22 8.7 110.0
26-4 22 7.8 117.0
26-4 22 8.7 110.0
26-4 22 4.3 110.0
26-4 22 11.3 99.0
26-4 22 7.8 112.0
26-4 22 11.3 95.0
26-4 22 7.8 96.0
26-4 22 4.3 359.0
26-4 22 8.7 101.0
26-4 22 12.2 112.0
26-4 22 7.8 120.0
26-4 22 8.7 106.0
26-4 22 11.3 102.0
26-4 22 8.7 115.0
26-4 22 13.0 102.0
26-4 22 11.3 120.0
26-4 22 13.0 102.0
26-4 22 10.4 109.0
26-4 22 12.2 122.0
26-4 23 12.2 112.0
26-4 23 12.2 106.0
26-4 23 9.6 147.0
26-4 23 13.0 108.0
26-4 23 11.3 359.0
26-4 23 11.3 359.0
26-4 23 8.7 108.0
26-4 23 7.0 96.0
26-4 23 6.1 141.0
26-4 23 11.3 112.0
26-4 23 7.8 359.0
26-4 23 12.2 359.0
26-4 23 10.4 359.0
26-4 23 7.8 115.0
26-4 23 8.7 112.0
26-4 23 9.6 103.0
26-4 23 6.1 127.0
26-4 23 9.6 92.0
26-4 23 8.7 107.0
26-4 23 8.7 124.0
26-4 23 7.8 359.0
26-4 23 9.6 95.0
26-4 23 7.0 359.0
26-4 23 6.1 359.0
26-4 23 7.8 104.0
26-4 23 7.0 104.0
26-4 23 7.8 113.0
26-4 23 8.7 119.0
26-4 23 7.0 116.0
26-4 23 7.0 128.0
