27-4 5 12.2 114.0
27-4 5 8.7 112.0
27-4 5 13.9 98.0
27-4 5 3.5 158.0
27-4 5 8.7 83.0
27-4 5 6.1 85.0
27-4 5 8.7 89.0
27-4 5 7.0 97.0
27-4 5 7.0 93.0
27-4 5 7.0 97.0
27-4 5 8.7 104.0
27-4 5 7.0 98.0
27-4 5 7.0 104.0
27-4 5 4.3 107.0
27-4 5 11.3 102.0
27-4 5 9.6 86.0
27-4 5 4.3 127.0
27-4 5 13.9 97.0
27-4 5 13.9 106.0
27-4 5 12.2 97.0
27-4 5 15.6 106.0
27-4 5 13.9 92.0
27-4 5 8.7 111.0
27-4 5 9.6 113.0
27-4 5 7.8 136.0
27-4 5 13.9 112.0
27-4 5 11.3 110.0
27-4 5 14.8 114.0
27-4 5 11.3 112.0
27-4 5 13.9 125.0
27-4 6 12.2 97.0
27-4 6 9.6 79.0
27-4 6 11.3 110.0
27-4 6 9.6 108.0
27-4 6 8.7 139.0
27-4 6 11.3 90.0
27-4 6 12.2 110.0
27-4 6 12.2 103.0
27-4 6 12.2 104.0
27-4 6 15.6 110.0
27-4 6 11.3 112.0
27-4 6 13.0 107.0
27-4 6 16.5 110.0
27-4 6 7.0 117.0
27-4 6 11.3 99.0
27-4 6 11.3 110.0
27-4 6 10.4 125.0
27-4 6 7.8 110.0
27-4 6 9.6 93.0
27-4 6 8.7 101.0
27-4 6 8.7 89.0
27-4 6 14.8 102.0
27-4 6 13.0 110.0
27-4 6 10.4 113.0
27-4 6 7.0 135.0
27-4 6 18.2 106.0
27-4 6 6.1 99.0
27-4 6 11.3 123.0
27-4 6 4.3 154.0
27-4 6 8.7 93.0
27-4 7 4.3 118.0
27-4 7 7.8 81.0
27-4 7 12.2 111.0
27-4 7 10.4 102.0
27-4 7 12.2 104.0
27-4 7 13.0 120.0
27-4 7 14.8 101.0
27-4 7 7.8 91.0
27-4 7 12.2 114.0
27-4 7 7.8 102.0
27-4 7 9.6 91.0
27-4 7 8.7 117.0
27-4 7 10.4 154.0
27-4 7 13.9 108.0
27-4 7 11.3 118.0
27-4 7 13.9 94.0
27-4 7 9.6 131.0
27-4 7 9.6 106.0
27-4 7 11.3 104.0
27-4 7 11.3 148.0
27-4 7 3.5 126.0
27-4 7 13.9 119.0
27-4 7 15.6 134.0
27-4 7 13.0 112.0
27-4 7 6.1 81.0
27-4 7 7.8 118.0
27-4 7 12.2 142.0
27-4 7 13.9 114.0
27-4 7 8.7 181.0
27-4 7 20.0 114.0
27-4 8 12.2 111.0
27-4 8 20.9 139.0
27-4 8 7.8 124.0
27-4 8 12.2 111.0
27-4 8 7.8 132.0
27-4 8 13.0 168.0
27-4 8 6.1 189.0
27-4 8 14.8 104.0
27-4 8 13.9 103.0
27-4 8 6.1 147.0
27-4 8 12.2 117.0
27-4 8 9.6 125.0
27-4 8 16.5 95.0
27-4 8 6.1 144.0
27-4 8 7.8 118.0
27-4 8 12.2 97.0
27-4 8 9.6 154.0
27-4 8 12.2 116.0
27-4 8 13.9 102.0
27-4 8 16.5 131.0
27-4 8 14.8 166.0
27-4 8 23.5 106.0
27-4 8 13.0 138.0
27-4 8 10.4 138.0
27-4 8 19.1 110.0
27-4 8 15.6 114.0
27-4 8 12.2 146.0
27-4 8 13.0 114.0
27-4 8 9.6 107.0
27-4 8 22.6 97.0
27-4 9 18.2 103.0
27-4 9 8.7 93.0
27-4 9 13.0 128.0
27-4 9 14.8 143.0
27-4 9 7.8 127.0
27-4 9 7.8 92.0
27-4 9 12.2 104.0
27-4 9 7.0 118.0
27-4 9 16.5 116.0
27-4 9 14.8 112.0
27-4 9 7.8 137.0
27-4 9 16.5 116.0
27-4 9 11.3 124.0
27-4 9 16.5 112.0
27-4 9 13.0 102.0
27-4 9 11.3 95.0
27-4 9 12.2 100.0
27-4 9 16.5 83.0
27-4 9 17.4 101.0
27-4 9 13.0 140.0
27-4 9 17.4 101.0
27-4 9 7.8 145.0
27-4 9 17.4 104.0
27-4 9 10.4 163.0
27-4 9 13.9 84.0
27-4 9 12.2 105.0
27-4 9 11.3 156.0
27-4 9 13.0 123.0
27-4 9 8.7 128.0
27-4 9 19.1 95.0
27-4 10 14.8 89.0
27-4 10 16.5 112.0
27-4 10 12.2 130.0
27-4 10 20.0 121.0
27-4 10 21.7 88.0
27-4 10 15.6 75.0
27-4 10 20.9 94.0
27-4 10 15.6 95.0
27-4 10 12.2 151.0
27-4 10 14.8 154.0
27-4 10 12.2 96.0
27-4 10 13.0 109.0
27-4 10 15.6 120.0
27-4 10 13.9 111.0
27-4 10 7.0 108.0
27-4 10 8.7 107.0
27-4 10 20.0 88.0
27-4 10 20.9 98.0
27-4 10 12.2 100.0
27-4 10 17.4 102.0
27-4 10 15.6 118.0
27-4 10 15.6 124.0
27-4 10 8.7 112.0
27-4 10 8.7 127.0
27-4 10 11.3 27.0
27-4 10 11.3 95.0
27-4 10 16.5 79.0
27-4 10 9.6 79.0
27-4 10 12.2 131.0
27-4 10 15.6 131.0
27-4 11 8.7 142.0
27-4 11 13.9 127.0
27-4 11 9.6 139.0
27-4 11 14.8 94.0
27-4 11 15.6 91.0
27-4 11 20.9 131.0
27-4 11 13.0 173.0
27-4 11 15.6 110.0
27-4 11 12.2 145.0
27-4 11 13.0 100.0
27-4 11 12.2 146.0
27-4 11 11.3 121.0
27-4 11 9.6 123.0
27-4 11 5.2 124.0
27-4 11 9.6 116.0
27-4 11 9.6 99.0
27-4 11 12.2 131.0
27-4 11 17.4 127.0
27-4 11 13.9 126.0
27-4 11 14.8 179.0
27-4 11 13.9 106.0
27-4 11 6.1 184.0
27-4 11 10.4 181.0
27-4 11 13.9 122.0
27-4 11 11.3 144.0
27-4 11 20.0 118.0
27-4 11 7.8 141.0
27-4 11 9.6 125.0
27-4 11 16.5 111.0
27-4 11 16.5 106.0
27-4 12 12.2 132.0
27-4 12 7.0 116.0
27-4 12 5.2 166.0
27-4 12 11.3 105.0
27-4 12 14.8 96.0
27-4 12 13.0 160.0
27-4 12 30.4 99.0
27-4 12 13.0 147.0
27-4 12 13.9 114.0
27-4 12 13.0 180.0
27-4 12 15.6 130.0
27-4 12 15.6 111.0
27-4 12 20.9 108.0
27-4 12 12.2 192.0
27-4 12 20.0 160.0
27-4 12 10.4 134.0
27-4 12 15.6 133.0
27-4 12 19.1 83.0
27-4 12 15.6 162.0
27-4 12 12.2 116.0
27-4 12 13.0 112.0
27-4 12 5.2 152.0
27-4 12 14.8 128.0
27-4 12 15.6 108.0
27-4 12 17.4 134.0
27-4 12 15.6 160.0
27-4 12 8.7 118.0
27-4 12 18.2 139.0
27-4 12 15.6 118.0
27-4 12 19.1 129.0
27-4 13 21.7 108.0
27-4 13 6.1 162.0
27-4 13 8.7 128.0
27-4 13 16.5 137.0
27-4 13 15.6 121.0
27-4 13 16.5 120.0
27-4 13 6.1 165.0
27-4 13 6.1 127.0
27-4 13 4.3 75.0
27-4 13 10.4 180.0
27-4 13 10.4 154.0
27-4 13 10.4 177.0
27-4 13 10.4 181.0
27-4 13 25.2 112.0
27-4 13 19.1 95.0
27-4 13 14.8 153.0
27-4 13 13.0 201.0
27-4 13 15.6 130.0
27-4 13 13.0 116.0
27-4 13 4.3 167.0
27-4 13 9.6 122.0
27-4 13 8.7 161.0
27-4 13 14.8 135.0
27-4 13 10.4 120.0
27-4 13 9.6 187.0
27-4 13 7.8 157.0
27-4 13 18.2 117.0
27-4 13 8.7 135.0
27-4 13 11.3 102.0
27-4 13 13.9 156.0
27-4 14 10.4 125.0
27-4 14 13.0 153.0
27-4 14 14.8 118.0
27-4 14 12.2 162.0
27-4 14 14.8 134.0
27-4 14 17.4 101.0
27-4 14 13.0 100.0
27-4 14 13.0 147.0
27-4 14 13.9 162.0
27-4 14 7.0 137.0
27-4 14 24.3 100.0
27-4 14 33.0 115.0
27-4 14 9.6 102.0
27-4 14 15.6 130.0
27-4 14 18.2 141.0
27-4 14 14.8 92.0
27-4 14 20.0 112.0
27-4 14 15.6 133.0
27-4 14 13.9 162.0
27-4 14 13.9 101.0
27-4 14 14.8 110.0
27-4 14 20.9 101.0
27-4 14 10.4 152.0
27-4 14 6.1 170.0
27-4 14 20.0 114.0
27-4 14 20.0 120.0
27-4 14 20.0 113.0
27-4 14 19.1 122.0
27-4 14 14.8 119.0
27-4 14 5.2 191.0
27-4 15 14.8 118.0
27-4 15 20.0 109.0
27-4 15 7.8 171.0
27-4 15 11.3 110.0
27-4 15 11.3 112.0
27-4 15 17.4 133.0
27-4 15 13.0 125.0
27-4 15 9.6 145.0
27-4 15 11.3 161.0
27-4 15 6.1 136.0
27-4 15 8.7 129.0
27-4 15 6.1 81.0
27-4 15 18.2 105.0
27-4 15 9.6 102.0
27-4 15 11.3 125.0
27-4 15 12.2 145.0
27-4 15 14.8 133.0
27-4 15 7.8 110.0
27-4 15 13.9 155.0
27-4 15 7.8 168.0
27-4 15 8.7 156.0
27-4 15 19.1 139.0
27-4 15 10.4 112.0
27-4 15 7.0 165.0
27-4 15 4.3 142.0
27-4 15 20.9 81.0
27-4 15 13.9 109.0
27-4 15 10.4 145.0
27-4 15 11.3 177.0
27-4 15 13.0 151.0
27-4 16 12.2 100.0
27-4 16 14.8 131.0
27-4 16 9.6 146.0
27-4 16 11.3 147.0
27-4 16 13.9 113.0
27-4 16 7.8 152.0
27-4 16 7.8 118.0
27-4 16 13.0 101.0
27-4 16 13.0 147.0
27-4 16 8.7 154.0
27-4 16 6.1 157.0
27-4 16 5.2 137.0
27-4 16 12.2 114.0
27-4 16 11.3 108.0
27-4 16 6.1 148.0
27-4 16 7.8 89.0
27-4 16 9.6 116.0
27-4 16 13.9 150.0
27-4 16 16.5 141.0
27-4 16 13.9 165.0
27-4 16 23.5 103.0
27-4 16 3.5 142.0
27-4 16 15.6 91.0
27-4 16 7.0 118.0
27-4 16 9.6 114.0
27-4 16 9.6 122.0
27-4 16 19.1 110.0
27-4 16 7.0 89.0
27-4 16 18.2 110.0
27-4 16 19.1 104.0
27-4 17 12.2 132.0
27-4 17 11.3 120.0
27-4 17 8.7 134.0
27-4 17 9.6 154.0
27-4 17 13.0 114.0
27-4 17 15.6 91.0
27-4 17 22.6 104.0
27-4 17 15.6 98.0
27-4 17 20.9 83.0
27-4 17 8.7 122.0
27-4 17 18.2 106.0
27-4 17 12.2 95.0
27-4 17 9.6 102.0
27-4 17 16.5 116.0
27-4 17 13.9 116.0
27-4 17 11.3 111.0
27-4 17 5.2 155.0
27-4 17 6.1 159.0
27-4 17 10.4 125.0
27-4 17 10.4 113.0
27-4 17 8.7 95.0
27-4 17 6.1 147.0
27-4 17 14.8 98.0
27-4 17 12.2 116.0
27-4 17 19.1 120.0
27-4 17 14.8 102.0
27-4 17 16.5 106.0
27-4 17 15.6 104.0
27-4 17 18.2 111.0
27-4 17 16.5 96.0
27-4 18 17.4 127.0
27-4 18 12.2 92.0
27-4 18 4.3 138.0
27-4 18 19.1 109.0
27-4 18 13.9 108.0
27-4 18 10.4 125.0
27-4 18 25.2 120.0
27-4 18 7.0 155.0
27-4 18 21.7 97.0
27-4 18 10.4 114.0
27-4 18 11.3 119.0
27-4 18 7.8 124.0
27-4 18 10.4 117.0
27-4 18 10.4 108.0
27-4 18 7.8 116.0
27-4 18 8.7 106.0
27-4 18 5.2 127.0
27-4 18 13.9 95.0
27-4 18 6.1 125.0
27-4 18 13.0 170.0
27-4 18 9.6 164.0
27-4 18 16.5 113.0
27-4 18 7.8 103.0
27-4 18 7.0 156.0
27-4 18 11.3 135.0
27-4 18 9.6 137.0
27-4 18 9.6 101.0
27-4 18 11.3 116.0
27-4 18 7.8 79.0
27-4 18 8.7 92.0
27-4 19 12.2 144.0
27-4 19 9.6 104.0
27-4 19 10.4 144.0
27-4 19 3.5 150.0
27-4 19 7.0 154.0
27-4 19 7.8 182.0
27-4 19 13.0 114.0
27-4 19 17.4 124.0
27-4 19 11.3 149.0
27-4 19 13.0 118.0
27-4 19 18.2 101.0
27-4 19 15.6 99.0
27-4 19 8.7 125.0
27-4 19 15.6 146.0
27-4 19 17.4 129.0
27-4 19 8.7 174.0
27-4 19 12.2 64.0
27-4 19 9.6 85.0
27-4 19 12.2 122.0
27-4 19 4.3 177.0
27-4 19 19.1 97.0
27-4 19 20.0 114.0
27-4 19 12.2 102.0
27-4 19 22.6 108.0
27-4 19 12.2 89.0
27-4 19 8.7 110.0
27-4 19 6.1 162.0
27-4 19 13.0 97.0
27-4 19 14.8 114.0
27-4 19 11.3 118.0
27-4 20 8.7 145.0
27-4 20 16.5 95.0
27-4 20 14.8 107.0
27-4 20 20.0 112.0
27-4 20 20.9 112.0
27-4 20 13.9 114.0
27-4 20 9.6 138.0
27-4 20 23.5 90.0
27-4 20 13.0 82.0
27-4 20 13.9 122.0
27-4 20 19.1 98.0
27-4 20 12.2 79.0
27-4 20 18.2 91.0
27-4 20 14.8 105.0
27-4 20 15.6 87.0
27-4 20 13.0 91.0
27-4 20 14.8 106.0
27-4 20 20.0 104.0
27-4 20 20.9 109.0
27-4 20 20.0 100.0
27-4 20 19.1 98.0
27-4 20 13.9 88.0
27-4 20 15.6 99.0
27-4 20 19.1 84.0
27-4 20 16.5 96.0
27-4 20 15.6 100.0
27-4 20 8.7 104.0
27-4 20 19.1 109.0
27-4 20 16.5 83.0
27-4 20 8.7 114.0
27-4 21 16.5 108.0
27-4 21 11.3 133.0
27-4 21 14.8 116.0
27-4 21 14.8 108.0
27-4 21 13.0 165.0
27-4 21 8.7 112.0
27-4 21 19.1 102.0
27-4 21 19.1 95.0
27-4 21 21.7 103.0
27-4 21 19.1 108.0
27-4 21 14.8 112.0
27-4 21 18.2 117.0
27-4 21 7.8 106.0
27-4 21 9.6 126.0
27-4 21 9.6 110.0
27-4 21 18.2 110.0
27-4 21 11.3 96.0
27-4 21 9.6 98.0
27-4 21 13.0 109.0
27-4 21 13.0 92.0
27-4 21 12.2 106.0
27-4 21 18.2 105.0
27-4 21 13.0 92.0
27-4 21 21.7 92.0
27-4 21 14.8 108.0
27-4 21 15.6 106.0
27-4 21 14.8 106.0
27-4 21 13.9 99.0
27-4 21 8.7 99.0
27-4 21 13.0 111.0
27-4 22 15.6 102.0
27-4 22 8.7 112.0
27-4 22 13.9 99.0
27-4 22 4.3 92.0
27-4 22 11.3 97.0
27-4 22 8.7 112.0
27-4 22 24.3 95.0
27-4 22 18.2 144.0
27-4 22 10.4 125.0
27-4 22 10.4 115.0
27-4 22 15.6 104.0
27-4 22 13.9 100.0
27-4 22 11.3 104.0
27-4 22 10.4 120.0
27-4 22 19.1 99.0
27-4 22 9.6 121.0
27-4 22 6.1 121.0
27-4 22 7.8 105.0
27-4 22 18.2 107.0
27-4 22 17.4 122.0
27-4 22 12.2 100.0
27-4 22 13.0 120.0
27-4 22 15.6 99.0
27-4 22 16.5 111.0
27-4 22 15.6 93.0
27-4 22 15.6 110.0
27-4 22 22.6 113.0
27-4 22 18.2 106.0
27-4 22 9.6 84.0
27-4 22 13.0 125.0
27-4 23 7.8 108.0
27-4 23 13.9 134.0
27-4 23 9.6 93.0
27-4 23 16.5 120.0
27-4 23 14.8 108.0
27-4 23 12.2 115.0
27-4 23 12.2 91.0
27-4 23 8.7 139.0
27-4 23 1.7 123.0
27-4 23 20.0 106.0
27-4 23 16.5 122.0
27-4 23 7.8 170.0
27-4 23 19.1 122.0
27-4 23 26.9 95.0
27-4 23 12.2 103.0
27-4 23 13.0 131.0
27-4 23 20.0 125.0
27-4 23 19.1 139.0
27-4 23 22.6 111.0
27-4 23 8.7 98.0
27-4 23 23.5 112.0
27-4 23 20.9 173.0
27-4 23 13.9 113.0
27-4 23 6.1 163.0
27-4 23 7.8 127.0
27-4 23 22.6 156.0
27-4 23 13.0 143.0
27-4 23 14.8 141.0
27-4 23 18.2 128.0
27-4 23 12.2 60.0
