28-3 16 8.7 92.0
28-3 16 4.3 138.0
28-3 16 3.5 141.0
28-3 16 8.7 118.0
28-3 16 8.7 114.0
28-3 16 8.7 152.0
28-3 16 5.2 141.0
28-3 16 4.3 129.0
28-3 16 5.2 182.0
28-3 16 7.0 122.0
28-3 16 7.8 123.0
28-3 16 7.8 97.0
28-3 16 8.7 118.0
28-3 16 5.2 124.0
28-3 16 6.1 90.0
28-3 17 7.8 157.0
28-3 17 6.1 128.0
28-3 17 4.3 175.0
28-3 17 6.1 173.0
28-3 17 3.5 161.0
28-3 17 2.6 160.0
28-3 17 4.3 161.0
28-3 17 7.0 142.0
28-3 17 5.2 150.0
28-3 17 8.7 127.0
28-3 17 3.5 162.0
28-3 17 7.8 121.0
28-3 17 7.8 89.0
28-3 17 6.1 133.0
28-3 17 4.3 117.0
28-3 17 1.7 173.0
28-3 17 9.6 112.0
28-3 17 6.1 123.0
28-3 17 5.2 134.0
28-3 17 5.2 163.0
28-3 17 5.2 153.0
28-3 17 7.0 150.0
28-3 17 11.3 117.0
28-3 17 8.7 134.0
28-3 17 8.7 110.0
28-3 17 3.5 114.0
28-3 17 3.5 170.0
28-3 17 11.3 115.0
28-3 17 7.0 111.0
28-3 17 3.5 150.0
28-3 18 6.1 114.0
28-3 18 0.9 153.0
28-3 18 7.0 141.0
28-3 18 3.5 145.0
28-3 18 1.7 162.0
28-3 18 4.3 143.0
28-3 18 7.0 150.0
28-3 18 4.3 181.0
28-3 18 3.5 108.0
28-3 18 3.5 133.0
28-3 18 2.6 127.0
28-3 18 2.6 97.0
28-3 18 4.3 119.0
28-3 18 3.5 148.0
28-3 18 2.6 100.0
28-3 18 2.6 169.0
28-3 18 4.3 146.0
28-3 18 6.1 134.0
28-3 18 4.3 147.0
28-3 18 4.3 177.0
28-3 18 1.7 139.0
28-3 18 5.2 129.0
28-3 18 2.6 149.0
28-3 18 7.8 181.0
28-3 18 3.5 143.0
28-3 18 1.7 76.0
28-3 18 4.3 97.0
28-3 18 1.7 145.0
28-3 18 3.5 166.0
28-3 18 3.5 174.0
28-3 19 6.1 148.0
28-3 19 6.1 93.0
28-3 19 1.7 155.0
28-3 19 7.0 149.0
28-3 19 7.8 155.0
28-3 19 4.3 151.0
28-3 19 2.6 122.0
28-3 19 2.6 145.0
28-3 19 5.2 158.0
28-3 19 7.8 131.0
28-3 19 12.2 116.0
28-3 19 7.8 133.0
28-3 19 11.3 147.0
28-3 19 11.3 105.0
28-3 19 7.8 95.0
28-3 19 1.7 210.0
28-3 19 5.2 91.0
28-3 19 6.1 131.0
28-3 19 5.2 160.0
28-3 19 7.0 86.0
28-3 19 13.0 144.0
28-3 19 9.6 177.0
28-3 19 13.0 132.0
28-3 19 7.0 186.0
28-3 19 6.1 143.0
28-3 19 6.1 176.0
28-3 19 5.2 155.0
28-3 19 2.6 195.0
28-3 19 5.2 175.0
28-3 19 10.4 151.0
28-3 20 7.0 160.0
28-3 20 5.2 158.0
28-3 20 6.1 181.0
28-3 20 8.7 142.0
28-3 20 6.1 184.0
28-3 20 5.2 171.0
28-3 20 6.1 189.0
28-3 20 10.4 197.0
28-3 20 6.1 194.0
28-3 20 13.0 148.0
28-3 20 6.1 183.0
28-3 20 9.6 166.0
28-3 20 7.8 149.0
28-3 20 6.1 181.0
28-3 20 2.6 154.0
28-3 20 5.2 149.0
28-3 20 2.6 149.0
28-3 20 5.2 138.0
28-3 20 3.5 150.0
28-3 20 1.7 165.0
28-3 20 3.5 143.0
28-3 20 7.0 149.0
28-3 20 7.0 156.0
28-3 20 3.5 117.0
28-3 20 7.0 124.0
28-3 20 7.0 145.0
28-3 20 3.5 179.0
28-3 20 7.8 136.0
28-3 20 7.0 152.0
28-3 20 2.6 163.0
28-3 21 5.2 95.0
28-3 21 7.0 130.0
28-3 21 6.1 95.0
28-3 21 4.3 147.0
28-3 21 5.2 127.0
28-3 21 4.3 143.0
28-3 21 7.8 137.0
28-3 21 2.6 139.0
28-3 21 13.0 116.0
28-3 21 3.5 127.0
28-3 21 3.5 138.0
28-3 21 3.5 115.0
28-3 21 0.9 120.0
28-3 21 0.9 156.0
28-3 21 10.4 160.0
28-3 21 4.3 131.0
28-3 21 6.1 128.0
28-3 21 5.2 170.0
28-3 21 10.4 185.0
28-3 21 5.2 147.0
28-3 21 3.5 159.0
28-3 21 13.9 118.0
28-3 21 5.2 137.0
28-3 21 7.0 204.0
28-3 21 7.8 120.0
28-3 21 0.9 134.0
28-3 21 10.4 142.0
28-3 21 6.1 168.0
28-3 21 7.8 158.0
28-3 21 7.8 169.0
28-3 22 5.2 129.0
28-3 22 9.6 170.0
28-3 22 8.7 152.0
28-3 22 11.3 129.0
28-3 22 7.8 136.0
28-3 22 12.2 145.0
28-3 22 14.8 90.0
28-3 22 10.4 114.0
28-3 22 10.4 137.0
28-3 22 11.3 217.0
28-3 22 1.7 143.0
28-3 22 7.0 189.0
28-3 22 9.6 145.0
28-3 22 14.8 163.0
28-3 22 12.2 181.0
28-3 22 7.8 116.0
28-3 22 6.1 113.0
28-3 22 5.2 85.0
28-3 22 7.0 168.0
28-3 22 3.5 143.0
28-3 22 4.3 174.0
28-3 22 5.2 162.0
28-3 22 7.8 115.0
28-3 22 8.7 163.0
28-3 22 6.1 155.0
28-3 22 12.2 133.0
28-3 22 9.6 107.0
28-3 22 3.5 143.0
28-3 22 14.8 131.0
28-3 22 7.8 139.0
28-3 23 11.3 104.0
28-3 23 8.7 140.0
28-3 23 13.0 167.0
28-3 23 8.7 126.0
28-3 23 12.2 161.0
28-3 23 14.8 147.0
28-3 23 5.2 174.0
28-3 23 7.8 107.0
28-3 23 6.1 129.0
28-3 23 10.4 149.0
28-3 23 13.0 124.0
28-3 23 8.7 143.0
28-3 23 4.3 191.0
28-3 23 5.2 158.0
28-3 23 8.7 124.0
28-3 23 9.6 157.0
28-3 23 6.1 166.0
28-3 23 6.1 170.0
28-3 23 3.5 140.0
28-3 23 7.0 149.0
28-3 23 7.8 133.0
28-3 23 7.0 149.0
28-3 23 7.0 157.0
28-3 23 9.6 129.0
28-3 23 7.0 100.0
28-3 23 4.3 143.0
28-3 23 6.1 111.0
28-3 23 1.7 159.0
28-3 23 4.3 186.0
28-3 23 7.0 156.0
