28-4 5 7.8 159.0
28-4 5 7.0 157.0
28-4 5 5.2 359.0
28-4 5 9.6 162.0
28-4 5 8.7 160.0
28-4 5 4.3 359.0
28-4 5 7.8 171.0
28-4 5 13.0 150.0
28-4 5 11.3 359.0
28-4 5 2.6 168.0
28-4 5 13.9 359.0
28-4 5 13.0 359.0
28-4 5 12.2 154.0
28-4 5 10.4 359.0
28-4 5 6.1 359.0
28-4 5 7.0 359.0
28-4 5 7.0 195.0
28-4 5 5.2 143.0
28-4 5 6.1 145.0
28-4 5 15.6 143.0
28-4 5 8.7 131.0
28-4 5 10.4 131.0
28-4 5 12.2 127.0
28-4 5 7.0 149.0
28-4 5 7.8 146.0
28-4 5 13.0 359.0
28-4 5 7.0 177.0
28-4 5 14.8 359.0
28-4 5 9.6 154.0
28-4 5 12.2 170.0
28-4 6 7.0 174.0
28-4 6 6.1 151.0
28-4 6 8.7 162.0
28-4 6 13.0 134.0
28-4 6 5.2 152.0
28-4 6 10.4 173.0
28-4 6 9.6 359.0
28-4 6 8.7 125.0
28-4 6 5.2 359.0
28-4 6 7.0 179.0
28-4 6 9.6 359.0
28-4 6 7.8 359.0
28-4 6 7.0 163.0
28-4 6 6.1 206.0
28-4 6 9.6 359.0
28-4 6 6.1 359.0
28-4 6 15.6 144.0
28-4 6 8.7 153.0
28-4 6 13.9 359.0
28-4 6 9.6 133.0
28-4 6 6.1 359.0
28-4 6 6.1 359.0
28-4 6 6.1 133.0
28-4 6 11.3 137.0
28-4 6 11.3 148.0
28-4 6 7.0 359.0
28-4 6 9.6 189.0
28-4 6 7.0 91.0
28-4 6 7.0 359.0
28-4 6 8.7 161.0
28-4 7 5.2 192.0
28-4 7 10.4 148.0
28-4 7 7.8 359.0
28-4 7 7.0 151.0
28-4 7 7.8 359.0
28-4 7 12.2 163.0
28-4 7 12.2 169.0
28-4 7 7.8 359.0
28-4 7 8.7 138.0
28-4 7 8.7 359.0
28-4 7 10.4 129.0
28-4 7 6.1 164.0
28-4 7 7.0 160.0
28-4 7 8.7 359.0
28-4 7 5.2 178.0
28-4 7 5.2 174.0
28-4 7 3.5 359.0
28-4 7 4.3 359.0
28-4 7 5.2 177.0
28-4 7 2.6 359.0
28-4 7 7.8 170.0
28-4 7 6.1 149.0
28-4 7 7.0 139.0
28-4 7 7.0 140.0
28-4 7 2.6 359.0
28-4 7 10.4 149.0
28-4 7 5.2 166.0
28-4 7 9.6 359.0
28-4 7 3.5 359.0
28-4 7 7.0 359.0
28-4 8 5.2 359.0
28-4 8 8.7 124.0
28-4 8 7.0 359.0
28-4 8 2.6 133.0
28-4 8 5.2 359.0
28-4 8 9.6 131.0
28-4 8 8.7 359.0
28-4 8 7.8 359.0
28-4 8 6.1 359.0
28-4 8 7.8 359.0
28-4 8 8.7 162.0
28-4 8 6.1 181.0
28-4 8 7.8 359.0
28-4 8 6.1 359.0
28-4 8 4.3 359.0
28-4 8 7.0 359.0
28-4 8 4.3 359.0
28-4 8 7.0 359.0
28-4 8 6.1 359.0
28-4 8 5.2 146.0
28-4 8 6.1 359.0
28-4 8 6.1 359.0
28-4 8 7.0 359.0
28-4 8 6.1 359.0
28-4 8 6.1 359.0
28-4 8 6.1 359.0
28-4 8 6.1 359.0
28-4 8 3.5 359.0
28-4 8 5.2 359.0
28-4 8 3.5 359.0
28-4 9 5.2 359.0
28-4 9 4.3 359.0
28-4 9 6.1 359.0
28-4 9 6.1 359.0
28-4 9 7.0 359.0
28-4 9 6.1 359.0
28-4 9 5.2 129.0
28-4 9 6.1 359.0
28-4 9 7.0 359.0
28-4 9 4.3 359.0
28-4 9 6.1 359.0
28-4 9 3.5 359.0
28-4 9 1.7 359.0
28-4 9 7.8 193.0
28-4 9 4.3 359.0
28-4 9 2.6 359.0
28-4 9 3.5 180.0
28-4 9 2.6 359.0
28-4 9 7.0 359.0
28-4 9 4.3 359.0
28-4 9 6.1 359.0
28-4 9 2.6 359.0
28-4 9 3.5 359.0
28-4 9 3.5 359.0
28-4 9 4.3 359.0
28-4 9 4.3 359.0
28-4 9 4.3 359.0
28-4 9 2.6 359.0
28-4 9 3.5 359.0
28-4 9 5.2 359.0
28-4 10 1.7 359.0
28-4 10 2.6 359.0
28-4 10 4.3 359.0
28-4 10 5.2 359.0
28-4 10 8.7 359.0
28-4 10 4.3 359.0
28-4 10 6.1 359.0
28-4 10 3.5 359.0
28-4 10 2.6 359.0
28-4 10 7.0 359.0
28-4 10 8.7 359.0
28-4 10 4.3 359.0
28-4 10 3.5 359.0
28-4 10 4.3 359.0
28-4 10 2.6 359.0
28-4 10 4.3 359.0
28-4 10 6.1 359.0
28-4 10 3.5 359.0
28-4 10 8.7 359.0
28-4 10 4.3 359.0
28-4 10 6.1 359.0
28-4 10 5.2 359.0
28-4 10 7.8 359.0
28-4 10 7.8 359.0
28-4 10 3.5 359.0
28-4 10 6.1 359.0
28-4 10 7.8 359.0
28-4 10 3.5 359.0
28-4 10 5.2 359.0
28-4 10 3.5 359.0
28-4 11 4.3 359.0
28-4 11 6.1 359.0
28-4 11 5.2 359.0
28-4 11 4.3 359.0
28-4 11 9.6 359.0
28-4 11 8.7 359.0
28-4 11 7.8 359.0
28-4 11 8.7 359.0
28-4 11 7.0 359.0
28-4 11 6.1 359.0
28-4 11 7.0 359.0
28-4 11 3.5 359.0
28-4 11 10.4 359.0
28-4 11 7.8 359.0
28-4 11 4.3 359.0
28-4 11 5.2 359.0
28-4 11 10.4 359.0
28-4 11 7.0 359.0
28-4 11 5.2 359.0
28-4 11 5.2 359.0
28-4 11 5.2 359.0
28-4 11 6.1 359.0
28-4 11 0.9 359.0
28-4 11 7.0 359.0
28-4 11 4.3 153.0
28-4 11 7.8 173.0
28-4 11 7.8 127.0
28-4 11 4.3 145.0
28-4 11 7.8 139.0
28-4 11 2.6 137.0
28-4 12 6.1 191.0
28-4 12 7.0 131.0
28-4 12 10.4 135.0
28-4 12 7.0 179.0
28-4 12 8.7 120.0
28-4 12 7.0 121.0
28-4 12 6.1 149.0
28-4 12 4.3 175.0
28-4 12 11.3 195.0
28-4 12 6.1 152.0
28-4 12 7.8 88.0
28-4 12 1.7 119.0
28-4 12 7.8 103.0
28-4 12 6.1 154.0
28-4 12 7.8 159.0
28-4 12 2.6 174.0
28-4 12 10.4 139.0
28-4 12 1.7 180.0
28-4 12 1.7 185.0
28-4 12 8.7 131.0
28-4 12 7.8 110.0
28-4 12 7.8 152.0
28-4 12 4.3 144.0
28-4 12 8.7 164.0
28-4 12 1.7 160.0
28-4 12 1.7 108.0
28-4 12 7.0 143.0
28-4 12 6.1 119.0
28-4 12 4.3 170.0
28-4 12 3.5 179.0
28-4 13 2.6 118.0
28-4 13 4.3 172.0
28-4 13 7.8 134.0
28-4 13 7.8 124.0
28-4 13 8.7 123.0
28-4 13 6.1 149.0
28-4 13 8.7 156.0
28-4 13 4.3 105.0
28-4 13 7.8 204.0
28-4 13 7.0 164.0
28-4 13 10.4 141.0
28-4 13 6.1 114.0
28-4 13 4.3 157.0
28-4 13 6.1 133.0
28-4 13 7.8 164.0
28-4 13 7.0 112.0
28-4 13 6.1 187.0
28-4 13 9.6 158.0
28-4 13 0.0 139.0
28-4 13 7.8 147.0
28-4 13 7.0 143.0
28-4 13 10.4 111.0
28-4 13 6.1 189.0
28-4 13 8.7 125.0
28-4 13 7.0 187.0
28-4 13 8.7 104.0
28-4 13 9.6 139.0
28-4 13 7.0 147.0
28-4 13 8.7 116.0
28-4 13 14.8 105.0
28-4 14 9.6 95.0
28-4 14 16.5 115.0
28-4 14 13.0 128.0
28-4 14 7.0 90.0
28-4 14 6.1 124.0
28-4 14 10.4 108.0
28-4 14 13.0 91.0
28-4 14 9.6 129.0
28-4 14 7.8 95.0
28-4 14 11.3 112.0
28-4 14 7.8 137.0
28-4 14 5.2 144.0
28-4 14 4.3 98.0
28-4 14 8.7 104.0
28-4 14 9.6 109.0
28-4 14 4.3 127.0
28-4 14 5.2 159.0
28-4 14 7.0 148.0
28-4 14 6.1 157.0
28-4 14 8.7 118.0
28-4 14 7.8 139.0
28-4 14 3.5 156.0
28-4 14 11.3 118.0
28-4 14 11.3 122.0
28-4 14 7.8 143.0
28-4 14 12.2 109.0
28-4 14 10.4 118.0
28-4 14 11.3 96.0
28-4 14 7.0 113.0
28-4 14 6.1 149.0
28-4 15 7.0 141.0
28-4 15 4.3 141.0
28-4 15 6.1 152.0
28-4 15 13.0 116.0
28-4 15 7.8 107.0
28-4 15 6.1 104.0
28-4 15 7.8 122.0
28-4 15 4.3 104.0
28-4 15 7.8 123.0
28-4 15 7.8 127.0
28-4 15 8.7 173.0
28-4 15 5.2 153.0
28-4 15 11.3 121.0
28-4 15 4.3 157.0
28-4 15 3.5 149.0
28-4 15 6.1 137.0
28-4 15 7.8 125.0
28-4 15 6.1 149.0
28-4 15 6.1 123.0
28-4 15 6.1 157.0
28-4 15 4.3 117.0
28-4 15 2.6 159.0
28-4 15 2.6 149.0
28-4 15 12.2 108.0
28-4 15 7.8 137.0
28-4 15 7.8 156.0
28-4 15 9.6 113.0
28-4 15 7.8 114.0
28-4 15 7.8 120.0
28-4 15 9.6 125.0
28-4 16 7.0 143.0
28-4 16 5.2 161.0
28-4 16 8.7 101.0
28-4 16 8.7 151.0
28-4 16 7.0 129.0
28-4 16 7.8 127.0
28-4 16 3.5 112.0
28-4 16 2.6 114.0
28-4 16 8.7 127.0
28-4 16 6.1 129.0
28-4 16 5.2 171.0
28-4 16 4.3 122.0
28-4 16 3.5 130.0
28-4 16 3.5 153.0
28-4 16 8.7 157.0
28-4 16 2.6 129.0
28-4 16 4.3 122.0
28-4 16 11.3 106.0
28-4 16 8.7 118.0
28-4 16 6.1 148.0
28-4 16 5.2 153.0
28-4 16 6.1 133.0
28-4 16 1.7 127.0
28-4 16 1.7 126.0
28-4 16 7.8 118.0
28-4 16 6.1 116.0
28-4 16 7.8 108.0
28-4 16 4.3 115.0
28-4 16 3.5 141.0
28-4 16 2.6 149.0
28-4 17 7.8 112.0
28-4 17 3.5 113.0
28-4 17 2.6 131.0
28-4 17 5.2 146.0
28-4 17 4.3 117.0
28-4 17 2.6 89.0
28-4 17 7.0 116.0
28-4 17 3.5 105.0
28-4 17 0.9 129.0
28-4 17 5.2 132.0
28-4 17 5.2 125.0
28-4 17 2.6 120.0
28-4 17 2.6 124.0
28-4 17 3.5 140.0
28-4 17 3.5 108.0
28-4 17 7.0 133.0
28-4 17 1.7 184.0
28-4 17 4.3 153.0
28-4 17 3.5 173.0
28-4 17 4.3 150.0
28-4 17 3.5 147.0
28-4 17 1.7 147.0
28-4 17 4.3 162.0
28-4 17 4.3 144.0
28-4 17 3.5 135.0
28-4 17 7.0 112.0
28-4 17 1.7 120.0
28-4 17 3.5 106.0
28-4 17 3.5 106.0
28-4 17 2.6 121.0
28-4 18 0.9 115.0
28-4 18 2.6 122.0
28-4 18 2.6 118.0
28-4 18 1.7 123.0
28-4 18 1.7 120.0
28-4 18 2.6 120.0
28-4 18 3.5 125.0
28-4 18 1.7 124.0
28-4 18 0.0 125.0
28-4 18 0.0 125.0
28-4 18 0.9 125.0
28-4 18 0.9 125.0
28-4 18 0.0 125.0
28-4 18 0.0 124.0
28-4 18 0.0 125.0
28-4 18 0.0 125.0
28-4 18 1.7 124.0
28-4 18 0.0 124.0
28-4 18 0.0 125.0
28-4 18 1.7 125.0
28-4 18 2.6 124.0
28-4 18 7.0 88.0
28-4 18 7.0 100.0
28-4 18 6.1 89.0
28-4 18 7.8 97.0
28-4 18 4.3 84.0
28-4 18 4.3 85.0
28-4 18 4.3 87.0
28-4 18 1.7 88.0
28-4 18 2.6 89.0
28-4 19 2.6 114.0
28-4 19 7.0 111.0
28-4 19 0.9 109.0
28-4 19 1.7 109.0
28-4 19 0.9 109.0
28-4 19 2.6 117.0
28-4 19 1.7 119.0
28-4 19 3.5 120.0
28-4 19 2.6 120.0
28-4 19 1.7 127.0
28-4 19 2.6 125.0
28-4 19 2.6 127.0
28-4 19 1.7 127.0
28-4 19 0.9 127.0
28-4 19 0.9 128.0
28-4 19 0.9 128.0
28-4 19 1.7 128.0
28-4 19 0.9 127.0
28-4 19 1.7 127.0
28-4 19 1.7 127.0
28-4 19 1.7 127.0
28-4 19 1.7 127.0
28-4 19 0.0 127.0
28-4 19 0.9 118.0
28-4 19 1.7 118.0
28-4 19 0.9 118.0
28-4 19 1.7 118.0
28-4 19 0.9 118.0
28-4 19 0.0 118.0
28-4 19 1.7 118.0
28-4 20 1.7 118.0
28-4 20 0.0 118.0
28-4 20 1.7 118.0
28-4 20 3.5 118.0
28-4 20 1.7 113.0
28-4 20 1.7 110.0
28-4 20 2.6 110.0
28-4 20 4.3 90.0
28-4 20 5.2 83.0
28-4 20 11.3 99.0
28-4 20 6.1 84.0
28-4 20 1.7 73.0
28-4 20 5.2 100.0
28-4 20 6.1 97.0
28-4 20 7.8 98.0
28-4 20 5.2 96.0
28-4 20 4.3 107.0
28-4 20 4.3 100.0
28-4 20 4.3 97.0
28-4 20 4.3 86.0
28-4 20 6.1 79.0
28-4 20 6.1 84.0
28-4 20 4.3 96.0
28-4 20 4.3 84.0
28-4 20 5.2 85.0
28-4 20 4.3 90.0
28-4 20 4.3 89.0
28-4 20 2.6 102.0
28-4 20 4.3 97.0
28-4 20 4.3 97.0
28-4 21 4.3 102.0
28-4 21 7.0 96.0
28-4 21 7.0 103.0
28-4 21 5.2 100.0
28-4 21 7.8 96.0
28-4 21 4.3 108.0
28-4 21 5.2 98.0
28-4 21 7.0 98.0
28-4 21 4.3 96.0
28-4 21 5.2 97.0
28-4 21 4.3 99.0
28-4 21 4.3 97.0
28-4 21 2.6 95.0
28-4 21 4.3 95.0
28-4 21 2.6 91.0
28-4 21 4.3 91.0
28-4 21 4.3 86.0
28-4 21 2.6 85.0
28-4 21 0.9 83.0
28-4 21 2.6 84.0
28-4 21 1.7 83.0
28-4 21 2.6 84.0
28-4 21 2.6 84.0
28-4 21 2.6 83.0
28-4 21 4.3 87.0
28-4 21 1.7 85.0
28-4 21 4.3 85.0
28-4 21 3.5 72.0
28-4 21 0.0 72.0
28-4 21 0.0 72.0
28-4 22 0.0 72.0
28-4 22 1.7 72.0
28-4 22 3.5 70.0
28-4 22 4.3 62.0
28-4 22 4.3 359.0
28-4 22 7.0 359.0
28-4 22 6.1 302.0
28-4 22 4.3 304.0
28-4 22 3.5 359.0
28-4 22 1.7 359.0
28-4 22 3.5 359.0
28-4 22 1.7 310.0
28-4 22 2.6 359.0
28-4 22 3.5 302.0
28-4 22 2.6 359.0
28-4 22 2.6 359.0
28-4 22 3.5 304.0
28-4 22 1.7 312.0
28-4 22 3.5 310.0
28-4 22 4.3 359.0
28-4 22 3.5 302.0
28-4 22 3.5 303.0
28-4 22 2.6 309.0
28-4 22 2.6 305.0
28-4 22 4.3 359.0
28-4 22 2.6 303.0
28-4 22 3.5 359.0
28-4 22 4.3 359.0
28-4 22 5.2 287.0
28-4 22 5.2 359.0
28-4 23 2.6 359.0
28-4 23 6.1 280.0
28-4 23 4.3 359.0
28-4 23 7.0 359.0
28-4 23 7.0 359.0
28-4 23 3.5 247.0
28-4 23 4.3 359.0
28-4 23 1.7 245.0
28-4 23 6.1 359.0
28-4 23 5.2 235.0
28-4 23 5.2 237.0
28-4 23 7.0 235.0
28-4 23 6.1 359.0
28-4 23 5.2 233.0
28-4 23 5.2 235.0
28-4 23 5.2 235.0
28-4 23 6.1 237.0
28-4 23 4.3 359.0
28-4 23 3.5 242.0
28-4 23 6.1 359.0
28-4 23 2.6 359.0
28-4 23 5.2 233.0
28-4 23 5.2 359.0
28-4 23 3.5 359.0
28-4 23 4.3 359.0
28-4 23 2.6 251.0
28-4 23 2.6 253.0
28-4 23 3.5 241.0
28-4 23 1.7 241.0
28-4 23 3.5 359.0