29-3 4 6.1 145.0
29-3 4 9.6 145.0
29-3 4 7.0 193.0
29-3 4 10.4 168.0
29-3 4 10.4 189.0
29-3 4 13.9 114.0
29-3 4 21.7 133.0
29-3 4 12.2 117.0
29-3 4 10.4 162.0
29-3 4 15.6 158.0
29-3 4 10.4 118.0
29-3 4 10.4 156.0
29-3 4 6.1 137.0
29-3 4 6.1 201.0
29-3 4 13.9 152.0
29-3 4 7.0 168.0
29-3 4 9.6 154.0
29-3 4 10.4 174.0
29-3 4 6.1 197.0
29-3 4 10.4 150.0
29-3 4 12.2 162.0
29-3 4 14.8 155.0
29-3 4 10.4 149.0
29-3 4 7.8 169.0
29-3 4 15.6 130.0
29-3 4 6.1 173.0
29-3 4 7.8 131.0
29-3 4 4.3 127.0
29-3 4 8.7 107.0
29-3 4 7.8 139.0
29-3 5 6.1 93.0
29-3 5 6.1 166.0
29-3 5 9.6 120.0
29-3 5 13.0 114.0
29-3 5 9.6 185.0
29-3 5 7.0 183.0
29-3 5 2.6 118.0
29-3 5 9.6 185.0
29-3 5 6.1 152.0
29-3 5 3.5 165.0
29-3 5 13.9 119.0
29-3 5 6.1 172.0
29-3 5 12.2 79.0
29-3 5 7.0 97.0
29-3 5 23.5 127.0
29-3 5 7.0 158.0
29-3 5 8.7 165.0
29-3 5 15.6 164.0
29-3 5 1.7 177.0
29-3 5 15.6 169.0
29-3 5 17.4 162.0
29-3 5 7.0 153.0
29-3 5 6.1 154.0
29-3 5 11.3 129.0
29-3 5 20.9 98.0
29-3 5 11.3 166.0
29-3 5 13.0 138.0
29-3 5 7.0 171.0
29-3 5 12.2 150.0
29-3 5 16.5 111.0
29-3 6 17.4 146.0
29-3 6 4.3 205.0
29-3 6 18.2 122.0
29-3 6 13.0 131.0
29-3 6 8.7 183.0
29-3 6 20.9 108.0
29-3 6 6.1 142.0
29-3 6 10.4 156.0
29-3 6 8.7 171.0
29-3 6 2.6 192.0
29-3 6 12.2 155.0
29-3 6 8.7 117.0
29-3 6 11.3 233.0
29-3 6 6.1 172.0
29-3 6 9.6 162.0
29-3 6 11.3 142.0
29-3 6 11.3 179.0
29-3 6 12.2 168.0
29-3 6 11.3 191.0
29-3 6 6.1 120.0
29-3 6 7.0 144.0
29-3 6 13.0 88.0
29-3 6 16.5 156.0
29-3 6 12.2 122.0
29-3 6 7.0 162.0
29-3 6 15.6 125.0
29-3 6 14.8 116.0
29-3 6 16.5 135.0
29-3 6 14.8 111.0
29-3 6 10.4 114.0
29-3 7 15.6 134.0
29-3 7 15.6 130.0
29-3 7 11.3 106.0
29-3 7 7.8 149.0
29-3 7 7.8 173.0
29-3 7 12.2 135.0
29-3 7 7.8 148.0
29-3 7 15.6 99.0
29-3 7 10.4 174.0
29-3 7 11.3 150.0
29-3 7 15.6 151.0
29-3 7 19.1 152.0
29-3 7 12.2 129.0
29-3 7 16.5 107.0
29-3 7 13.9 155.0
29-3 7 24.3 111.0
29-3 7 5.2 149.0
29-3 7 9.6 133.0
29-3 7 9.6 156.0
29-3 7 21.7 108.0
29-3 7 9.6 129.0
29-3 7 18.2 114.0
29-3 7 13.9 138.0
29-3 7 11.3 122.0
29-3 7 15.6 107.0
29-3 7 16.5 118.0
29-3 7 19.1 107.0
29-3 7 7.0 169.0
29-3 7 13.9 136.0
29-3 7 9.6 166.0
29-3 8 14.8 93.0
29-3 8 11.3 160.0
29-3 8 4.3 118.0
29-3 8 6.1 184.0
29-3 8 8.7 128.0
29-3 8 6.1 156.0
29-3 8 7.0 152.0
29-3 8 12.2 114.0
29-3 8 16.5 112.0
29-3 8 10.4 129.0
29-3 8 13.0 137.0
29-3 8 12.2 118.0
29-3 8 0.9 143.0
29-3 8 9.6 162.0
29-3 8 5.2 145.0
29-3 8 9.6 106.0
29-3 8 2.6 144.0
29-3 8 18.2 117.0
29-3 8 4.3 152.0
29-3 8 12.2 129.0
29-3 8 16.5 83.0
29-3 8 11.3 139.0
29-3 8 13.0 133.0
29-3 8 14.8 147.0
29-3 8 7.8 166.0
29-3 8 13.9 135.0
29-3 8 12.2 128.0
29-3 8 8.7 228.0
29-3 8 12.2 119.0
29-3 8 5.2 153.0
29-3 9 11.3 137.0
29-3 9 10.4 137.0
29-3 9 7.8 127.0
29-3 9 7.8 147.0
29-3 9 10.4 125.0
29-3 9 17.4 123.0
29-3 9 15.6 145.0
29-3 9 9.6 124.0
29-3 9 8.7 125.0
29-3 9 10.4 185.0
29-3 9 13.0 145.0
29-3 9 7.8 129.0
29-3 9 9.6 131.0
29-3 9 7.8 130.0
29-3 9 12.2 113.0
29-3 9 17.4 131.0
29-3 9 7.0 99.0
29-3 9 13.0 137.0
29-3 9 13.9 132.0
29-3 9 4.3 148.0
29-3 9 23.5 108.0
29-3 9 8.7 112.0
29-3 9 22.6 138.0
29-3 9 5.2 136.0
29-3 9 14.8 164.0
29-3 9 13.0 143.0
29-3 9 12.2 142.0
29-3 9 12.2 149.0
29-3 9 17.4 131.0
29-3 9 10.4 128.0
29-3 10 13.9 136.0
29-3 10 19.1 125.0
29-3 10 9.6 137.0
29-3 10 8.7 135.0
29-3 10 13.0 152.0
29-3 10 27.8 143.0
29-3 10 24.3 100.0
29-3 10 22.6 110.0
29-3 10 13.0 174.0
29-3 10 26.1 111.0
29-3 10 8.7 147.0
29-3 10 19.1 144.0
29-3 10 16.5 131.0
29-3 10 7.8 125.0
29-3 10 7.8 136.0
29-3 10 12.2 119.0
29-3 10 9.6 269.0
29-3 10 12.2 109.0
29-3 10 20.0 126.0
29-3 10 14.8 129.0
29-3 10 12.2 98.0
29-3 10 8.7 66.0
29-3 10 13.9 91.0
29-3 10 14.8 152.0
29-3 10 7.8 164.0
29-3 10 11.3 146.0
29-3 10 10.4 172.0
29-3 10 12.2 133.0
29-3 10 10.4 158.0
29-3 10 21.7 102.0
29-3 11 14.8 120.0
29-3 11 6.1 130.0
29-3 11 13.0 125.0
29-3 11 7.0 138.0
29-3 11 11.3 125.0
29-3 11 15.6 137.0
29-3 11 13.9 81.0
29-3 11 13.0 148.0
29-3 11 11.3 106.0
29-3 11 13.0 114.0
29-3 11 8.7 171.0
29-3 11 15.6 155.0
29-3 11 17.4 145.0
29-3 11 7.0 201.0
29-3 11 12.2 149.0
29-3 11 19.1 143.0
29-3 11 19.1 132.0
29-3 11 13.0 122.0
29-3 11 15.6 73.0
29-3 11 12.2 156.0
29-3 11 20.9 119.0
29-3 11 12.2 128.0
29-3 11 5.2 125.0
29-3 11 23.5 121.0
29-3 11 15.6 120.0
29-3 11 24.3 158.0
29-3 11 19.1 105.0
29-3 11 8.7 129.0
29-3 11 6.1 159.0
29-3 11 9.6 168.0
29-3 12 12.2 88.0
29-3 12 14.8 149.0
29-3 12 20.0 104.0
29-3 12 5.2 227.0
29-3 12 9.6 127.0
29-3 12 19.1 110.0
29-3 12 12.2 116.0
29-3 12 20.9 108.0
29-3 12 14.8 131.0
29-3 12 17.4 122.0
29-3 12 9.6 104.0
29-3 12 10.4 123.0
29-3 12 7.8 102.0
29-3 12 19.1 149.0
29-3 12 13.0 94.0
29-3 12 15.6 119.0
29-3 12 16.5 151.0
29-3 12 9.6 108.0
29-3 12 20.0 136.0
29-3 12 8.7 116.0
29-3 12 18.2 152.0
29-3 12 9.6 174.0
29-3 12 16.5 147.0
29-3 12 4.3 147.0
29-3 12 13.9 163.0
29-3 12 8.7 101.0
29-3 12 18.2 115.0
29-3 12 19.1 117.0
29-3 12 16.5 129.0
29-3 12 22.6 110.0
29-3 13 16.5 110.0
29-3 13 15.6 177.0
29-3 13 13.0 155.0
29-3 13 15.6 147.0
29-3 13 8.7 156.0
29-3 13 18.2 111.0
29-3 13 11.3 176.0
29-3 13 7.8 94.0
29-3 13 10.4 120.0
29-3 13 14.8 122.0
29-3 13 6.1 134.0
29-3 13 14.8 199.0
29-3 13 7.8 139.0
29-3 13 18.2 122.0
29-3 13 20.0 118.0
29-3 13 8.7 109.0
29-3 13 13.9 190.0
29-3 13 8.7 189.0
29-3 13 16.5 151.0
29-3 13 11.3 144.0
29-3 13 10.4 107.0
29-3 13 10.4 154.0
29-3 13 9.6 116.0
29-3 13 20.0 154.0
29-3 13 15.6 134.0
29-3 13 10.4 112.0
29-3 13 12.2 114.0
29-3 13 9.6 102.0
29-3 13 7.0 164.0
29-3 13 11.3 165.0
29-3 14 9.6 139.0
29-3 14 13.0 139.0
29-3 14 13.0 145.0
29-3 14 8.7 231.0
29-3 14 16.5 158.0
29-3 14 20.9 149.0
29-3 14 10.4 129.0
29-3 14 8.7 131.0
29-3 14 10.4 125.0
29-3 14 9.6 148.0
29-3 14 13.9 145.0
29-3 14 14.8 101.0
29-3 14 4.3 195.0
29-3 14 20.0 150.0
29-3 14 6.1 108.0
29-3 14 9.6 178.0
29-3 14 10.4 133.0
29-3 14 9.6 97.0
29-3 14 10.4 116.0
29-3 14 12.2 139.0
29-3 14 9.6 121.0
29-3 14 20.9 136.0
29-3 14 12.2 131.0
29-3 14 15.6 165.0
29-3 14 8.7 144.0
29-3 14 12.2 152.0
29-3 14 7.0 166.0
29-3 14 15.6 123.0
29-3 14 6.1 210.0
29-3 14 12.2 133.0
29-3 15 12.2 102.0
29-3 15 19.1 107.0
29-3 15 6.1 183.0
29-3 15 13.0 168.0
29-3 15 18.2 116.0
29-3 15 15.6 160.0
29-3 15 13.0 133.0
29-3 15 8.7 118.0
29-3 15 9.6 97.0
29-3 15 7.8 124.0
29-3 15 8.7 122.0
29-3 15 11.3 90.0
29-3 15 18.2 154.0
29-3 15 13.0 106.0
29-3 15 9.6 110.0
29-3 15 20.0 102.0
29-3 15 11.3 125.0
29-3 15 12.2 147.0
29-3 15 7.0 127.0
29-3 15 6.1 122.0
29-3 15 9.6 133.0
29-3 15 16.5 100.0
29-3 15 14.8 105.0
29-3 15 13.9 95.0
29-3 15 7.0 156.0
29-3 15 9.6 143.0
29-3 15 12.2 128.0
29-3 15 10.4 150.0
29-3 15 9.6 119.0
29-3 15 13.0 117.0
29-3 16 10.4 156.0
29-3 16 6.1 114.0
29-3 16 19.1 156.0
29-3 16 13.9 114.0
29-3 16 10.4 164.0
29-3 16 16.5 89.0
29-3 16 10.4 139.0
29-3 16 17.4 123.0
29-3 16 9.6 160.0
29-3 16 11.3 141.0
29-3 16 3.5 157.0
29-3 16 6.1 195.0
29-3 16 9.6 164.0
29-3 16 11.3 160.0
29-3 16 10.4 126.0
29-3 16 12.2 165.0
29-3 16 5.2 87.0
29-3 16 13.9 115.0
29-3 16 6.1 199.0
29-3 16 11.3 116.0
29-3 16 13.0 109.0
29-3 16 7.0 146.0
29-3 16 5.2 41.0
29-3 16 12.2 145.0
29-3 16 14.8 149.0
29-3 16 10.4 160.0
29-3 16 9.6 121.0
29-3 16 11.3 109.0
29-3 16 4.3 152.0
29-3 16 13.9 82.0
29-3 17 7.8 157.0
29-3 17 10.4 156.0
29-3 17 2.6 105.0
29-3 17 8.7 148.0
29-3 17 7.0 150.0
29-3 17 9.6 148.0
29-3 17 9.6 102.0
29-3 17 13.0 141.0
29-3 17 14.8 119.0
29-3 17 6.1 127.0
29-3 17 9.6 149.0
29-3 17 7.0 162.0
29-3 17 11.3 108.0
29-3 17 14.8 118.0
29-3 17 7.0 149.0
29-3 17 4.3 98.0
29-3 17 8.7 168.0
29-3 17 10.4 149.0
29-3 17 7.0 147.0
29-3 17 9.6 106.0
29-3 17 7.8 112.0
29-3 17 9.6 131.0
29-3 17 8.7 110.0
29-3 17 5.2 95.0
29-3 17 13.9 121.0
29-3 17 3.5 112.0
29-3 17 7.8 112.0
29-3 17 8.7 130.0
29-3 17 5.2 162.0
29-3 17 13.0 102.0
29-3 18 13.0 119.0
29-3 18 9.6 174.0
29-3 18 12.2 104.0
29-3 18 3.5 133.0
29-3 18 12.2 116.0
29-3 18 9.6 173.0
29-3 18 8.7 106.0
29-3 18 16.5 109.0
29-3 18 14.8 110.0
29-3 18 13.9 105.0
29-3 18 7.8 130.0
29-3 18 5.2 133.0
29-3 18 11.3 114.0
29-3 18 14.8 118.0
29-3 18 9.6 108.0
29-3 18 11.3 140.0
29-3 18 16.5 108.0
29-3 18 7.8 102.0
29-3 18 13.9 123.0
29-3 18 7.8 169.0
29-3 18 11.3 98.0
29-3 18 12.2 101.0
29-3 18 12.2 127.0
29-3 18 9.6 82.0
29-3 18 13.9 114.0
29-3 18 4.3 107.0
29-3 18 11.3 104.0
29-3 18 10.4 109.0
29-3 18 12.2 125.0
29-3 18 7.8 110.0
29-3 19 7.8 108.0
29-3 19 5.2 168.0
29-3 19 11.3 110.0
29-3 19 6.1 125.0
29-3 19 11.3 130.0
29-3 19 9.6 185.0
29-3 19 7.8 130.0
29-3 19 12.2 88.0
29-3 19 13.0 101.0
29-3 19 7.8 130.0
29-3 19 5.2 149.0
29-3 19 13.9 107.0
29-3 19 4.3 177.0
29-3 19 14.8 85.0
29-3 19 14.8 88.0
29-3 19 11.3 110.0
29-3 19 15.6 139.0
29-3 19 18.2 107.0
29-3 19 15.6 120.0
29-3 19 19.1 108.0
29-3 19 7.0 110.0
29-3 19 8.7 118.0
29-3 19 8.7 100.0
29-3 19 7.8 117.0
29-3 19 6.1 166.0
29-3 19 13.9 120.0
29-3 19 15.6 116.0
29-3 19 18.2 91.0
29-3 19 14.8 114.0
29-3 19 12.2 86.0
29-3 20 13.9 112.0
29-3 20 14.8 124.0
29-3 20 10.4 144.0
29-3 20 7.0 131.0
29-3 20 9.6 135.0
29-3 20 14.8 118.0
29-3 20 9.6 146.0
29-3 20 16.5 117.0
29-3 20 13.0 108.0
29-3 20 18.2 109.0
29-3 20 19.1 89.0
29-3 20 13.0 97.0
29-3 20 8.7 122.0
29-3 20 19.1 118.0
29-3 20 14.8 108.0
29-3 20 15.6 104.0
29-3 20 10.4 181.0
29-3 20 18.2 102.0
29-3 20 13.9 89.0
29-3 20 7.8 143.0
29-3 20 13.0 112.0
29-3 20 11.3 116.0
29-3 20 7.8 94.0
29-3 20 11.3 114.0
29-3 20 7.8 107.0
29-3 20 10.4 127.0
29-3 20 15.6 139.0
29-3 20 16.5 116.0
29-3 20 13.0 111.0
29-3 20 9.6 89.0
29-3 21 15.6 117.0
29-3 21 13.9 105.0
29-3 21 14.8 92.0
29-3 21 13.0 106.0
29-3 21 18.2 110.0
29-3 21 15.6 106.0
29-3 21 9.6 93.0
29-3 21 18.2 84.0
29-3 21 15.6 125.0
29-3 21 16.5 120.0
29-3 21 10.4 112.0
29-3 21 13.0 106.0
29-3 21 13.9 110.0
29-3 21 15.6 100.0
29-3 21 13.0 91.0
29-3 21 12.2 110.0
29-3 21 11.3 84.0
29-3 21 15.6 116.0
29-3 21 13.0 90.0
29-3 21 13.9 101.0
29-3 21 7.8 79.0
29-3 21 19.1 106.0
29-3 21 9.6 129.0
29-3 21 13.9 112.0
29-3 21 13.0 131.0
29-3 21 12.2 110.0
29-3 21 11.3 149.0
29-3 21 8.7 126.0
29-3 21 9.6 143.0
29-3 21 11.3 90.0
29-3 22 11.3 129.0
29-3 22 11.3 129.0
29-3 22 9.6 99.0
29-3 22 16.5 93.0
29-3 22 12.2 113.0
29-3 22 12.2 82.0
29-3 22 13.0 126.0
29-3 22 18.2 106.0
29-3 22 14.8 102.0
29-3 22 11.3 108.0
29-3 22 21.7 100.0
29-3 22 11.3 104.0
29-3 22 13.9 109.0
29-3 22 16.5 106.0
29-3 22 17.4 104.0
29-3 22 14.8 110.0
29-3 22 15.6 113.0
29-3 22 20.0 86.0
29-3 22 8.7 120.0
29-3 22 14.8 124.0
29-3 22 9.6 142.0
29-3 22 13.0 109.0
29-3 22 18.2 106.0
29-3 22 13.0 89.0
29-3 22 11.3 106.0
29-3 22 21.7 91.0
29-3 22 19.1 95.0
29-3 22 15.6 108.0
29-3 22 15.6 115.0
29-3 22 15.6 133.0
29-3 23 13.9 108.0
29-3 23 14.8 98.0
29-3 23 11.3 108.0
29-3 23 13.0 110.0
29-3 23 12.2 103.0
29-3 23 8.7 111.0
29-3 23 7.8 106.0
29-3 23 7.0 110.0
29-3 23 8.7 95.0
29-3 23 7.8 141.0
29-3 23 13.9 98.0
29-3 23 8.7 111.0
29-3 23 13.0 110.0
29-3 23 4.3 108.0
29-3 23 14.8 116.0
29-3 23 9.6 92.0
29-3 23 9.6 125.0
29-3 23 0.0 128.0
29-3 23 7.8 101.0
29-3 23 6.1 123.0
29-3 23 9.6 125.0
29-3 23 11.3 107.0
29-3 23 7.0 104.0
29-3 23 15.6 85.0
29-3 23 7.8 119.0
29-3 23 13.0 104.0
29-3 23 8.7 109.0
29-3 23 8.7 95.0
29-3 23 11.3 104.0
29-3 23 7.8 96.0
