29-4 5 5.2 125.0
29-4 5 7.0 155.0
29-4 5 7.0 117.0
29-4 5 1.7 178.0
29-4 5 7.8 118.0
29-4 5 3.5 136.0
29-4 5 8.7 107.0
29-4 5 4.3 126.0
29-4 5 4.3 107.0
29-4 5 8.7 110.0
29-4 5 2.6 135.0
29-4 5 7.8 107.0
29-4 5 8.7 134.0
29-4 5 8.7 88.0
29-4 5 9.6 117.0
29-4 5 9.6 135.0
29-4 5 5.2 127.0
29-4 5 3.5 163.0
29-4 5 5.2 136.0
29-4 5 7.8 131.0
29-4 5 11.3 111.0
29-4 5 7.8 149.0
29-4 5 12.2 108.0
29-4 5 8.7 129.0
29-4 5 7.0 122.0
29-4 5 13.0 122.0
29-4 5 7.8 100.0
29-4 5 7.0 111.0
29-4 5 8.7 105.0
29-4 5 6.1 183.0
29-4 6 6.1 114.0
29-4 6 9.6 131.0
29-4 6 4.3 113.0
29-4 6 14.8 125.0
29-4 6 3.5 199.0
29-4 6 7.0 152.0
29-4 6 7.8 125.0
29-4 6 5.2 87.0
29-4 6 6.1 130.0
29-4 6 7.8 107.0
29-4 6 8.7 113.0
29-4 6 7.0 110.0
29-4 6 0.9 165.0
29-4 6 4.3 141.0
29-4 6 7.8 122.0
29-4 6 1.7 142.0
29-4 6 2.6 121.0
29-4 6 2.6 133.0
29-4 6 5.2 158.0
29-4 6 7.8 131.0
29-4 6 2.6 138.0
29-4 6 7.0 152.0
29-4 6 7.8 118.0
29-4 6 7.0 129.0
29-4 6 3.5 148.0
29-4 6 4.3 121.0
29-4 6 6.1 108.0
29-4 6 6.1 119.0
29-4 6 7.0 105.0
29-4 6 6.1 99.0
29-4 7 3.5 119.0
29-4 7 7.0 116.0
29-4 7 5.2 97.0
29-4 7 7.0 135.0
29-4 7 6.1 104.0
29-4 7 6.1 108.0
29-4 7 2.6 89.0
29-4 7 6.1 80.0
29-4 7 2.6 81.0
29-4 7 2.6 81.0
29-4 7 4.3 83.0
29-4 7 7.0 120.0
29-4 7 7.0 107.0
29-4 7 3.5 150.0
29-4 7 3.5 150.0
29-4 7 2.6 141.0
29-4 7 3.5 152.0
29-4 7 6.1 145.0
29-4 7 2.6 93.0
29-4 7 2.6 108.0
29-4 7 2.6 116.0
29-4 7 7.0 108.0
29-4 7 4.3 104.0
29-4 7 6.1 126.0
29-4 7 2.6 145.0
29-4 7 2.6 108.0
29-4 7 3.5 140.0
29-4 7 6.1 91.0
29-4 7 2.6 89.0
29-4 7 1.7 75.0
29-4 8 3.5 77.0
29-4 8 3.5 76.0
29-4 8 2.6 77.0
29-4 8 1.7 73.0
29-4 8 2.6 73.0
29-4 8 3.5 75.0
29-4 8 1.7 69.0
29-4 8 0.9 69.0
29-4 8 4.3 70.0
29-4 8 4.3 70.0
29-4 8 2.6 70.0
29-4 8 3.5 71.0
29-4 8 2.6 71.0
29-4 8 1.7 69.0
29-4 8 1.7 66.0
29-4 8 4.3 70.0
29-4 8 3.5 67.0
29-4 8 4.3 70.0
29-4 8 6.1 92.0
29-4 8 5.2 92.0
29-4 8 5.2 85.0
29-4 8 5.2 87.0
29-4 8 5.2 82.0
29-4 8 4.3 80.0
29-4 8 6.1 88.0
29-4 8 1.7 77.0
29-4 8 0.9 77.0
29-4 8 5.2 78.0
29-4 8 5.2 97.0
29-4 8 6.1 104.0
29-4 9 3.5 108.0
29-4 9 6.1 99.0
29-4 9 1.7 145.0
29-4 9 8.7 114.0
29-4 9 4.3 133.0
29-4 9 7.8 153.0
29-4 9 8.7 110.0
29-4 9 3.5 166.0
29-4 9 5.2 132.0
29-4 9 7.0 114.0
29-4 9 5.2 129.0
29-4 9 7.8 152.0
29-4 9 9.6 131.0
29-4 9 2.6 145.0
29-4 9 7.0 137.0
29-4 9 7.8 114.0
29-4 9 6.1 118.0
29-4 9 4.3 116.0
29-4 9 5.2 144.0
29-4 9 4.3 156.0
29-4 9 7.0 147.0
29-4 9 0.9 118.0
29-4 9 2.6 127.0
29-4 9 8.7 149.0
29-4 9 7.0 133.0
29-4 9 8.7 143.0
29-4 9 4.3 154.0
29-4 9 4.3 160.0
29-4 9 2.6 148.0
29-4 9 3.5 154.0
29-4 10 7.0 181.0
29-4 10 3.5 149.0
29-4 10 3.5 102.0
29-4 10 7.8 129.0
29-4 10 8.7 132.0
29-4 10 2.6 127.0
29-4 10 2.6 114.0
29-4 10 3.5 148.0
29-4 10 9.6 112.0
29-4 10 8.7 132.0
29-4 10 4.3 81.0
29-4 10 3.5 123.0
29-4 10 9.6 125.0
29-4 10 6.1 87.0
29-4 10 3.5 177.0
29-4 10 5.2 138.0
29-4 10 2.6 146.0
29-4 10 7.8 116.0
29-4 10 7.8 134.0
29-4 10 3.5 127.0
29-4 10 2.6 117.0
29-4 10 6.1 116.0
29-4 10 1.7 172.0
29-4 10 6.1 148.0
29-4 10 7.8 131.0
29-4 10 7.8 139.0
29-4 10 4.3 135.0
29-4 10 11.3 116.0
29-4 10 4.3 160.0
29-4 10 6.1 152.0
29-4 11 7.8 141.0
29-4 11 4.3 97.0
29-4 11 6.1 100.0
29-4 11 6.1 127.0
29-4 11 5.2 176.0
29-4 11 7.0 152.0
29-4 11 6.1 114.0
29-4 11 7.0 146.0
29-4 11 7.0 106.0
29-4 11 4.3 145.0
29-4 11 3.5 138.0
29-4 11 7.8 151.0
29-4 11 9.6 149.0
29-4 11 10.4 119.0
29-4 11 7.8 133.0
29-4 11 8.7 119.0
29-4 11 4.3 143.0
29-4 11 9.6 123.0
29-4 11 4.3 175.0
29-4 11 9.6 137.0
29-4 11 9.6 132.0
29-4 11 1.7 179.0
29-4 11 7.0 136.0
29-4 11 8.7 159.0
29-4 11 7.0 207.0
29-4 11 7.8 123.0
29-4 11 9.6 148.0
29-4 11 7.0 133.0
29-4 11 3.5 137.0
29-4 11 9.6 149.0
29-4 12 6.1 164.0
29-4 12 7.8 125.0
29-4 12 7.8 156.0
29-4 12 11.3 104.0
29-4 12 3.5 140.0
29-4 12 7.8 127.0
29-4 12 6.1 198.0
29-4 12 13.0 155.0
29-4 12 13.0 121.0
29-4 12 8.7 133.0
29-4 12 7.8 174.0
29-4 12 9.6 144.0
29-4 12 6.1 141.0
29-4 12 9.6 154.0
29-4 12 5.2 156.0
29-4 12 4.3 145.0
29-4 12 12.2 100.0
29-4 12 14.8 110.0
29-4 12 10.4 152.0
29-4 12 14.8 102.0
29-4 12 5.2 141.0
29-4 12 7.8 124.0
29-4 12 7.8 158.0
29-4 12 4.3 146.0
29-4 12 7.0 146.0
29-4 12 7.8 131.0
29-4 12 1.7 132.0
29-4 12 3.5 139.0
29-4 12 9.6 154.0
29-4 12 12.2 162.0
29-4 13 6.1 144.0
29-4 13 6.1 85.0
29-4 13 2.6 116.0
29-4 13 2.6 124.0
29-4 13 9.6 118.0
29-4 13 7.0 163.0
29-4 13 12.2 146.0
29-4 13 5.2 138.0
29-4 13 14.8 128.0
29-4 13 4.3 81.0
29-4 13 12.2 163.0
29-4 13 7.8 158.0
29-4 13 11.3 151.0
29-4 13 12.2 161.0
29-4 13 3.5 140.0
29-4 13 11.3 107.0
29-4 13 6.1 102.0
29-4 13 7.0 149.0
29-4 13 4.3 138.0
29-4 13 15.6 112.0
29-4 13 6.1 207.0
29-4 13 12.2 91.0
29-4 13 13.9 116.0
29-4 13 10.4 143.0
29-4 13 8.7 125.0
29-4 13 14.8 107.0
29-4 13 3.5 185.0
29-4 13 10.4 152.0
29-4 13 15.6 135.0
29-4 13 10.4 151.0
29-4 14 7.0 120.0
29-4 14 5.2 159.0
29-4 14 6.1 150.0
29-4 14 8.7 142.0
29-4 14 10.4 120.0
29-4 14 13.0 142.0
29-4 14 7.0 143.0
29-4 14 15.6 137.0
29-4 14 12.2 110.0
29-4 14 15.6 135.0
29-4 14 8.7 97.0
29-4 14 13.9 114.0
29-4 14 12.2 110.0
29-4 14 9.6 146.0
29-4 14 8.7 168.0
29-4 14 9.6 116.0
29-4 14 11.3 135.0
29-4 14 11.3 168.0
29-4 14 14.8 168.0
29-4 14 10.4 139.0
29-4 14 10.4 176.0
29-4 14 7.8 94.0
29-4 14 8.7 167.0
29-4 14 4.3 181.0
29-4 14 9.6 129.0
29-4 14 13.0 133.0
29-4 14 7.0 166.0
29-4 14 12.2 185.0
29-4 14 7.8 167.0
29-4 14 7.8 175.0
29-4 15 12.2 151.0
29-4 15 6.1 152.0
29-4 15 6.1 209.0
29-4 15 8.7 135.0
29-4 15 13.9 132.0
29-4 15 9.6 141.0
29-4 15 4.3 181.0
29-4 15 8.7 179.0
29-4 15 8.7 102.0
29-4 15 13.9 153.0
29-4 15 7.0 114.0
29-4 15 4.3 170.0
29-4 15 19.1 159.0
29-4 15 9.6 196.0
29-4 15 13.9 177.0
29-4 15 7.0 185.0
29-4 15 9.6 108.0
29-4 15 4.3 133.0
29-4 15 14.8 141.0
29-4 15 11.3 122.0
29-4 15 12.2 97.0
29-4 15 7.8 206.0
29-4 15 13.9 168.0
29-4 15 11.3 143.0
29-4 15 13.0 201.0
29-4 15 10.4 168.0
29-4 15 10.4 133.0
29-4 15 3.5 119.0
29-4 15 9.6 129.0
29-4 15 12.2 100.0
29-4 16 9.6 184.0
29-4 16 9.6 106.0
29-4 16 6.1 121.0
29-4 16 7.0 169.0
29-4 16 7.0 154.0
29-4 16 6.1 173.0
29-4 16 10.4 115.0
29-4 16 13.0 138.0
29-4 16 15.6 128.0
29-4 16 7.0 166.0
29-4 16 11.3 145.0
29-4 16 7.8 132.0
29-4 16 13.0 147.0
29-4 16 4.3 122.0
29-4 16 7.0 134.0
29-4 16 12.2 199.0
29-4 16 8.7 153.0
29-4 16 10.4 104.0
29-4 16 7.0 85.0
29-4 16 4.3 111.0
29-4 16 8.7 139.0
29-4 16 7.8 182.0
29-4 16 13.9 143.0
29-4 16 9.6 139.0
29-4 16 22.6 139.0
29-4 16 8.7 151.0
29-4 16 8.7 131.0
29-4 16 14.8 121.0
29-4 16 9.6 151.0
29-4 16 13.9 128.0
29-4 17 6.1 139.0
29-4 17 7.0 152.0
29-4 17 7.0 147.0
29-4 17 7.8 140.0
29-4 17 8.7 161.0
29-4 17 11.3 149.0
29-4 17 3.5 197.0
29-4 17 7.8 189.0
29-4 17 6.1 120.0
29-4 17 9.6 154.0
29-4 17 12.2 140.0
29-4 17 4.3 127.0
29-4 17 7.8 128.0
29-4 17 10.4 179.0
29-4 17 7.0 183.0
29-4 17 5.2 161.0
29-4 17 6.1 156.0
29-4 17 6.1 132.0
29-4 17 10.4 184.0
29-4 17 7.8 103.0
29-4 17 7.8 95.0
29-4 17 5.2 177.0
29-4 17 6.1 156.0
29-4 17 6.1 191.0
29-4 17 7.0 102.0
29-4 17 9.6 166.0
29-4 17 8.7 162.0
29-4 17 9.6 195.0
29-4 17 7.0 157.0
29-4 17 10.4 167.0
29-4 18 7.0 162.0
29-4 18 3.5 203.0
29-4 18 8.7 156.0
29-4 18 10.4 154.0
29-4 18 7.8 129.0
29-4 18 5.2 150.0
29-4 18 10.4 184.0
29-4 18 9.6 132.0
29-4 18 4.3 179.0
29-4 18 7.0 204.0
29-4 18 11.3 127.0
29-4 18 14.8 143.0
29-4 18 9.6 97.0
29-4 18 11.3 134.0
29-4 18 8.7 156.0
29-4 18 9.6 172.0
29-4 18 7.0 127.0
29-4 18 11.3 157.0
29-4 18 7.8 104.0
29-4 18 2.6 119.0
29-4 18 8.7 152.0
29-4 18 0.9 102.0
29-4 18 7.8 141.0
29-4 18 7.0 89.0
29-4 18 8.7 135.0
29-4 18 7.0 114.0
29-4 18 13.0 92.0
29-4 18 5.2 125.0
29-4 18 10.4 145.0
29-4 18 7.0 137.0
29-4 19 7.8 118.0
29-4 19 4.3 167.0
29-4 19 7.0 111.0
29-4 19 9.6 143.0
29-4 19 6.1 154.0
29-4 19 8.7 114.0
29-4 19 3.5 124.0
29-4 19 7.0 165.0
29-4 19 7.8 172.0
29-4 19 2.6 147.0
29-4 19 5.2 154.0
29-4 19 5.2 141.0
29-4 19 3.5 163.0
29-4 19 3.5 150.0
29-4 19 5.2 183.0
29-4 19 5.2 147.0
29-4 19 8.7 105.0
29-4 19 4.3 116.0
29-4 19 1.7 162.0
29-4 19 2.6 159.0
29-4 19 4.3 158.0
29-4 19 1.7 157.0
29-4 19 2.6 149.0
29-4 19 2.6 129.0
29-4 19 2.6 142.0
29-4 19 0.0 143.0
29-4 19 0.0 143.0
29-4 19 0.9 143.0
29-4 19 1.7 143.0
29-4 19 1.7 145.0
29-4 20 2.6 144.0
29-4 20 0.9 145.0
29-4 20 0.9 145.0
29-4 20 0.9 145.0
29-4 20 0.9 145.0
29-4 20 2.6 147.0
29-4 20 0.9 147.0
29-4 20 0.9 147.0
29-4 20 0.0 147.0
29-4 20 2.6 14.0
29-4 20 9.6 314.0
29-4 20 7.0 310.0
29-4 20 6.1 305.0
29-4 20 5.2 325.0
29-4 20 7.0 359.0
29-4 20 5.2 314.0
29-4 20 6.1 359.0
29-4 20 5.2 359.0
29-4 20 5.2 294.0
29-4 20 5.2 359.0
29-4 20 3.5 292.0
29-4 20 0.9 359.0
29-4 20 0.9 359.0
29-4 20 0.9 359.0
29-4 20 0.9 359.0
29-4 20 0.0 34.0
29-4 20 3.5 35.0
29-4 20 0.0 35.0
29-4 20 1.7 35.0
29-4 20 0.9 35.0
29-4 21 4.3 35.0
29-4 21 3.5 35.0
29-4 21 4.3 39.0
29-4 21 7.8 279.0
29-4 21 7.0 359.0
29-4 21 9.6 261.0
29-4 21 7.0 245.0
29-4 21 7.0 235.0
29-4 21 5.2 252.0
29-4 21 6.1 359.0
29-4 21 5.2 359.0
29-4 21 1.7 359.0
29-4 21 0.0 250.0
29-4 21 1.7 249.0
29-4 21 5.2 359.0
29-4 21 3.5 250.0
29-4 21 5.2 246.0
29-4 21 5.2 244.0
29-4 21 4.3 241.0
29-4 21 7.0 247.0
29-4 21 6.1 233.0
29-4 21 6.1 241.0
29-4 21 7.0 232.0
29-4 21 8.7 224.0
29-4 21 6.1 236.0
29-4 21 3.5 242.0
29-4 21 5.2 359.0
29-4 21 5.2 254.0
29-4 21 4.3 359.0
29-4 21 6.1 254.0
29-4 22 4.3 256.0
29-4 22 3.5 256.0
29-4 22 1.7 256.0
29-4 22 1.7 256.0
29-4 22 3.5 256.0
29-4 22 3.5 256.0
29-4 22 1.7 258.0
29-4 22 1.7 261.0
29-4 22 0.9 359.0
29-4 22 2.6 260.0
29-4 22 3.5 261.0
29-4 22 3.5 260.0
29-4 22 5.2 359.0
29-4 22 3.5 359.0
29-4 22 2.6 260.0
29-4 22 3.5 260.0
29-4 22 1.7 260.0
29-4 22 0.9 359.0
29-4 22 0.9 260.0
29-4 22 2.6 260.0
29-4 22 0.9 260.0
29-4 22 0.0 260.0
29-4 22 0.0 359.0
29-4 22 1.7 359.0
29-4 22 1.7 359.0
29-4 22 3.5 261.0
29-4 22 3.5 260.0
29-4 22 0.9 359.0
29-4 22 0.0 359.0
29-4 22 0.0 260.0
29-4 23 2.6 262.0
29-4 23 1.7 258.0
29-4 23 0.9 359.0
29-4 23 1.7 262.0
29-4 23 0.9 359.0
29-4 23 0.9 258.0
29-4 23 1.7 359.0
29-4 23 0.9 258.0
29-4 23 1.7 258.0
29-4 23 1.7 258.0
29-4 23 1.7 258.0
29-4 23 0.9 261.0
29-4 23 0.0 258.0
29-4 23 0.0 264.0
29-4 23 0.0 264.0
29-4 23 0.0 258.0
29-4 23 0.0 359.0
29-4 23 0.0 359.0
29-4 23 0.9 262.0
29-4 23 0.0 359.0
29-4 23 0.0 359.0
29-4 23 0.9 359.0
29-4 23 0.9 359.0
29-4 23 1.7 359.0
29-4 23 3.5 257.0
29-4 23 3.5 256.0
29-4 23 1.7 359.0
29-4 23 4.3 257.0
29-4 23 4.3 359.0
29-4 23 4.3 359.0