31-3 4 4.3 359.0
31-3 4 5.2 359.0
31-3 4 8.7 319.0
31-3 4 5.2 241.0
31-3 4 0.0 359.0
31-3 4 12.2 359.0
31-3 4 7.0 359.0
31-3 4 18.2 359.0
31-3 4 6.1 359.0
31-3 4 7.0 359.0
31-3 4 5.2 359.0
31-3 4 1.7 359.0
31-3 4 3.5 359.0
31-3 4 11.3 359.0
31-3 4 9.6 359.0
31-3 4 9.6 359.0
31-3 4 9.6 228.0
31-3 4 10.4 359.0
31-3 4 4.3 241.0
31-3 4 11.3 359.0
31-3 4 4.3 359.0
31-3 4 10.4 359.0
31-3 4 12.2 359.0
31-3 4 3.5 359.0
31-3 4 0.9 359.0
31-3 4 2.6 242.0
31-3 4 11.3 359.0
31-3 4 7.0 359.0
31-3 4 11.3 359.0
31-3 5 13.0 359.0
31-3 5 7.0 359.0
31-3 5 11.3 359.0
31-3 5 4.3 359.0
31-3 5 10.4 359.0
31-3 5 4.3 359.0
31-3 5 2.6 242.0
31-3 5 7.8 359.0
31-3 5 5.2 359.0
31-3 5 3.5 359.0
31-3 5 9.6 359.0
31-3 5 7.8 359.0
31-3 5 13.9 359.0
31-3 5 7.8 359.0
31-3 5 7.8 359.0
31-3 5 6.1 359.0
31-3 5 12.2 359.0
31-3 5 5.2 359.0
31-3 5 14.8 359.0
31-3 5 1.7 359.0
31-3 5 3.5 359.0
31-3 5 2.6 359.0
31-3 5 7.0 359.0
31-3 5 4.3 359.0
31-3 5 3.5 268.0
31-3 5 3.5 359.0
31-3 5 3.5 359.0
31-3 5 3.5 359.0
31-3 5 6.1 359.0
31-3 6 4.3 359.0
31-3 6 4.3 359.0
31-3 6 5.2 255.0
31-3 6 9.6 359.0
31-3 6 4.3 359.0
31-3 6 0.0 359.0
31-3 6 13.0 359.0
31-3 6 7.0 359.0
31-3 6 3.5 359.0
31-3 6 0.0 359.0
31-3 6 3.5 359.0
31-3 6 7.8 359.0
31-3 6 6.1 359.0
31-3 6 7.0 359.0
31-3 6 8.7 359.0
31-3 6 4.3 359.0
31-3 6 8.7 359.0
31-3 6 5.2 359.0
31-3 6 7.8 245.0
31-3 6 8.7 359.0
31-3 6 9.6 359.0
31-3 6 12.2 359.0
31-3 6 5.2 359.0
31-3 6 5.2 359.0
31-3 6 7.0 359.0
31-3 6 9.6 359.0
31-3 6 7.0 359.0
31-3 6 4.3 359.0
31-3 6 6.1 359.0
31-3 6 7.0 359.0
31-3 7 2.6 359.0
31-3 7 5.2 359.0
31-3 7 5.2 359.0
31-3 7 7.8 359.0
31-3 7 1.7 359.0
31-3 7 2.6 359.0
31-3 7 6.1 359.0
31-3 7 2.6 359.0
31-3 7 8.7 359.0
31-3 7 11.3 359.0
31-3 7 5.2 359.0
31-3 7 8.7 359.0
31-3 7 10.4 359.0
31-3 7 7.8 359.0
31-3 7 6.1 359.0
31-3 7 8.7 359.0
31-3 7 9.6 359.0
31-3 7 17.4 359.0
31-3 7 11.3 359.0
31-3 7 15.6 359.0
31-3 7 8.7 359.0
31-3 7 15.6 359.0
31-3 7 5.2 359.0
31-3 7 8.7 359.0
31-3 7 15.6 359.0
31-3 7 17.4 359.0
31-3 7 11.3 359.0
31-3 7 7.0 359.0
31-3 7 14.8 359.0
31-3 7 3.5 359.0
31-3 8 8.7 359.0
31-3 8 12.2 359.0
31-3 8 9.6 359.0
31-3 8 5.2 359.0
31-3 8 10.4 359.0
31-3 8 7.8 359.0
31-3 8 18.2 359.0
31-3 8 14.8 359.0
31-3 8 10.4 359.0
31-3 8 20.9 359.0
31-3 8 9.6 359.0
31-3 8 12.2 359.0
31-3 8 18.2 359.0
31-3 8 19.1 359.0
31-3 8 20.0 359.0
31-3 8 13.0 359.0
31-3 8 9.6 359.0
31-3 8 12.2 359.0
31-3 8 10.4 359.0
31-3 8 20.0 359.0
31-3 8 14.8 359.0
31-3 8 11.3 359.0
31-3 8 13.9 359.0
31-3 8 7.0 359.0
31-3 8 10.4 359.0
31-3 8 9.6 359.0
31-3 8 12.2 359.0
31-3 8 7.0 359.0
31-3 8 6.1 359.0
31-3 8 19.1 359.0
31-3 9 5.2 359.0
31-3 9 20.0 359.0
31-3 9 10.4 359.0
31-3 9 14.8 359.0
31-3 9 8.7 359.0
31-3 9 12.2 359.0
31-3 9 14.8 359.0
31-3 9 13.9 359.0
31-3 9 7.0 359.0
31-3 9 10.4 359.0
31-3 9 19.1 359.0
31-3 9 5.2 359.0
31-3 9 16.5 359.0
31-3 9 5.2 359.0
31-3 9 9.6 359.0
31-3 9 13.0 359.0
31-3 9 13.9 359.0
31-3 9 9.6 359.0
31-3 9 2.6 359.0
31-3 9 11.3 359.0
31-3 9 13.0 359.0
31-3 9 9.6 359.0
31-3 9 25.2 359.0
31-3 9 8.7 359.0
31-3 9 7.8 359.0
31-3 9 8.7 359.0
31-3 9 8.7 359.0
31-3 9 3.5 359.0
31-3 9 11.3 359.0
31-3 9 11.3 359.0
31-3 10 8.7 359.0
31-3 10 10.4 359.0
31-3 10 6.1 359.0
31-3 10 13.9 359.0
31-3 10 13.0 359.0
31-3 10 13.0 359.0
31-3 10 14.8 359.0
31-3 10 4.3 359.0
31-3 10 10.4 359.0
31-3 10 9.6 359.0
31-3 10 6.1 359.0
31-3 10 2.6 359.0
31-3 10 8.7 359.0
31-3 10 8.7 359.0
31-3 10 8.7 359.0
31-3 10 13.9 359.0
31-3 10 13.9 359.0
31-3 10 7.8 359.0
31-3 10 11.3 359.0
31-3 10 12.2 359.0
31-3 10 5.2 359.0
31-3 10 8.7 359.0
31-3 10 8.7 359.0
31-3 10 6.1 359.0
31-3 10 11.3 359.0
31-3 10 6.1 359.0
31-3 10 9.6 359.0
31-3 10 7.0 359.0
31-3 10 12.2 359.0
31-3 10 7.8 359.0
31-3 11 3.5 359.0
31-3 11 5.2 359.0
31-3 11 7.8 237.0
31-3 11 8.7 359.0
31-3 11 5.2 359.0
31-3 11 12.2 359.0
31-3 11 6.1 359.0
31-3 11 10.4 359.0
31-3 11 7.8 359.0
31-3 11 15.6 359.0
31-3 11 7.8 359.0
31-3 11 6.1 155.0
31-3 11 12.2 143.0
31-3 11 4.3 132.0
31-3 11 3.5 214.0
31-3 11 14.8 170.0
31-3 11 6.1 191.0
31-3 11 2.6 187.0
31-3 11 8.7 152.0
31-3 11 11.3 183.0
31-3 11 7.0 204.0
31-3 11 8.7 168.0
31-3 11 7.8 181.0
31-3 11 7.0 143.0
31-3 11 8.7 124.0
31-3 11 4.3 118.0
31-3 11 5.2 178.0
31-3 11 7.0 131.0
31-3 11 6.1 142.0
31-3 11 3.5 200.0
31-3 12 3.5 164.0
31-3 12 7.0 116.0
31-3 12 7.8 185.0
31-3 12 8.7 164.0
31-3 12 3.5 157.0
31-3 12 7.8 185.0
31-3 12 12.2 162.0
31-3 12 7.8 172.0
31-3 12 3.5 120.0
31-3 12 8.7 161.0
31-3 12 6.1 191.0
31-3 12 7.8 120.0
31-3 12 7.8 182.0
31-3 12 7.0 162.0
31-3 12 13.9 167.0
31-3 12 6.1 177.0
31-3 12 10.4 170.0
31-3 12 15.6 147.0
31-3 12 5.2 191.0
31-3 12 8.7 146.0
31-3 12 7.8 108.0
31-3 12 6.1 208.0
31-3 12 6.1 193.0
31-3 12 3.5 155.0
31-3 12 7.8 157.0
31-3 12 7.0 159.0
31-3 12 9.6 181.0
31-3 12 4.3 111.0
31-3 12 1.7 166.0
31-3 12 4.3 189.0
31-3 13 2.6 142.0
31-3 13 7.0 158.0
31-3 13 15.6 124.0
31-3 13 2.6 166.0
31-3 13 7.0 190.0
31-3 13 4.3 205.0
31-3 13 8.7 172.0
31-3 13 8.7 170.0
31-3 13 8.7 185.0
31-3 13 8.7 146.0
31-3 13 8.7 196.0
31-3 13 13.0 162.0
31-3 13 4.3 142.0
31-3 13 4.3 162.0
31-3 13 10.4 160.0
31-3 13 3.5 180.0
31-3 13 7.0 173.0
31-3 13 14.8 158.0
31-3 13 13.9 135.0
31-3 13 11.3 155.0
31-3 13 4.3 120.0
31-3 13 4.3 152.0
31-3 13 9.6 204.0
31-3 13 3.5 174.0
31-3 13 4.3 251.0
31-3 13 6.1 197.0
31-3 13 5.2 171.0
31-3 13 7.0 166.0
31-3 13 8.7 149.0
31-3 13 6.1 173.0
31-3 14 10.4 185.0
31-3 14 11.3 179.0
31-3 14 6.1 197.0
31-3 14 7.0 169.0
31-3 14 2.6 159.0
31-3 14 4.3 162.0
31-3 14 0.9 154.0
31-3 14 9.6 167.0
31-3 14 3.5 143.0
31-3 14 7.0 120.0
31-3 14 6.1 191.0
31-3 14 7.0 129.0
31-3 14 6.1 191.0
31-3 14 4.3 162.0
31-3 14 7.8 179.0
31-3 14 3.5 147.0
31-3 14 2.6 180.0
31-3 14 7.0 160.0
31-3 14 2.6 152.0
31-3 14 3.5 150.0
31-3 14 6.1 197.0
31-3 14 2.6 149.0
31-3 14 4.3 118.0
31-3 14 8.7 111.0
31-3 14 5.2 79.0
31-3 14 4.3 90.0
31-3 14 4.3 164.0
31-3 14 6.1 185.0
31-3 14 7.8 99.0
31-3 14 7.0 135.0
31-3 15 3.5 142.0
31-3 15 12.2 120.0
31-3 15 5.2 147.0
31-3 15 6.1 161.0
31-3 15 13.0 128.0
31-3 15 3.5 124.0
31-3 15 7.0 122.0
31-3 15 2.6 136.0
31-3 15 8.7 151.0
31-3 15 5.2 125.0
31-3 15 4.3 137.0
31-3 15 8.7 145.0
31-3 15 6.1 110.0
31-3 15 11.3 133.0
31-3 15 6.1 172.0
31-3 15 7.0 81.0
31-3 15 11.3 117.0
31-3 15 12.2 133.0
31-3 15 5.2 145.0
31-3 15 6.1 132.0
31-3 15 11.3 116.0
31-3 15 7.0 136.0
31-3 15 10.4 125.0
31-3 15 9.6 113.0
31-3 15 3.5 112.0
31-3 15 13.9 150.0
31-3 15 13.0 122.0
31-3 15 3.5 135.0
31-3 15 8.7 142.0
31-3 15 14.8 108.0
31-3 16 5.2 149.0
31-3 16 11.3 116.0
31-3 16 15.6 112.0
31-3 16 15.6 122.0
31-3 16 7.0 135.0
31-3 16 9.6 127.0
31-3 16 15.6 105.0
31-3 16 6.1 84.0
31-3 16 11.3 109.0
31-3 16 10.4 148.0
31-3 16 12.2 129.0
31-3 16 4.3 157.0
31-3 16 3.5 181.0
31-3 16 6.1 176.0
31-3 16 7.0 141.0
31-3 16 2.6 158.0
31-3 16 5.2 140.0
31-3 16 12.2 143.0
31-3 16 13.0 154.0
31-3 16 11.3 145.0
31-3 16 3.5 158.0
31-3 16 11.3 108.0
31-3 16 11.3 117.0
31-3 16 7.8 135.0
31-3 16 12.2 118.0
31-3 16 7.8 154.0
31-3 16 10.4 112.0
31-3 16 13.0 161.0
31-3 16 13.0 136.0
31-3 16 13.0 116.0
31-3 17 12.2 102.0
31-3 17 18.2 127.0
31-3 17 17.4 120.0
31-3 17 9.6 181.0
31-3 17 18.2 152.0
31-3 17 10.4 164.0
31-3 17 7.8 144.0
31-3 17 10.4 112.0
31-3 17 11.3 174.0
31-3 17 8.7 149.0
31-3 17 7.8 146.0
31-3 17 9.6 168.0
31-3 17 3.5 189.0
31-3 17 3.5 181.0
31-3 17 13.9 132.0
31-3 17 10.4 143.0
31-3 17 7.0 177.0
31-3 17 12.2 122.0
31-3 17 7.8 113.0
31-3 17 9.6 92.0
31-3 17 9.6 114.0
31-3 17 7.8 192.0
31-3 17 12.2 147.0
31-3 17 13.0 158.0
31-3 17 10.4 149.0
31-3 17 9.6 75.0
31-3 17 10.4 207.0
31-3 17 29.5 119.0
31-3 17 7.8 114.0
31-3 17 9.6 122.0
31-3 18 12.2 171.0
31-3 18 13.9 174.0
31-3 18 13.0 164.0
31-3 18 11.3 177.0
31-3 18 6.1 169.0
31-3 18 20.0 147.0
31-3 18 18.2 147.0
31-3 18 17.4 130.0
31-3 18 7.0 159.0
31-3 18 21.7 140.0
31-3 18 11.3 160.0
31-3 18 10.4 359.0
31-3 18 9.6 160.0
31-3 18 19.1 174.0
31-3 18 18.2 161.0
31-3 18 10.4 147.0
31-3 18 13.0 150.0
31-3 18 14.8 226.0
31-3 18 21.7 150.0
31-3 18 7.8 137.0
31-3 18 12.2 141.0
31-3 18 10.4 184.0
31-3 18 13.9 166.0
31-3 18 20.0 182.0
31-3 18 7.8 164.0
31-3 18 15.6 163.0
31-3 18 11.3 155.0
31-3 18 13.9 136.0
31-3 18 17.4 162.0
31-3 18 13.9 205.0
31-3 19 7.8 241.0
31-3 19 12.2 169.0
31-3 19 21.7 166.0
31-3 19 9.6 153.0
31-3 19 14.8 158.0
31-3 19 13.9 241.0
31-3 19 13.0 189.0
31-3 19 20.0 157.0
31-3 19 10.4 163.0
31-3 19 14.8 162.0
31-3 19 14.8 158.0
31-3 19 7.8 180.0
31-3 19 4.3 187.0
31-3 19 10.4 359.0
31-3 19 10.4 359.0
31-3 19 7.0 185.0
31-3 19 12.2 218.0
31-3 19 12.2 359.0
31-3 19 20.0 359.0
31-3 19 13.0 359.0
31-3 19 20.9 359.0
31-3 19 12.2 359.0
31-3 19 15.6 359.0
31-3 19 11.3 359.0
31-3 19 7.0 359.0
31-3 19 8.7 359.0
31-3 19 9.6 359.0
31-3 19 11.3 359.0
31-3 19 13.0 359.0
31-3 19 13.9 359.0
31-3 20 15.6 234.0
31-3 20 26.9 359.0
31-3 20 13.0 359.0
31-3 20 10.4 359.0
31-3 20 14.8 359.0
31-3 20 15.6 359.0
31-3 20 20.9 359.0
31-3 20 8.7 359.0
31-3 20 4.3 359.0
31-3 20 7.0 359.0
31-3 20 13.9 359.0
31-3 20 26.1 359.0
31-3 20 5.2 359.0
31-3 20 18.2 359.0
31-3 20 11.3 359.0
31-3 20 11.3 359.0
31-3 20 6.1 359.0
31-3 20 14.8 211.0
31-3 20 8.7 359.0
31-3 20 16.5 359.0
31-3 20 20.9 359.0
31-3 20 13.9 359.0
31-3 20 11.3 359.0
31-3 20 9.6 359.0
31-3 20 9.6 359.0
31-3 20 5.2 359.0
31-3 20 12.2 359.0
31-3 20 7.8 359.0
31-3 20 13.9 359.0
31-3 20 10.4 359.0
31-3 21 20.0 359.0
31-3 21 13.0 226.0
31-3 21 17.4 359.0
31-3 21 11.3 359.0
31-3 21 9.6 359.0
31-3 21 16.5 359.0
31-3 21 18.2 359.0
31-3 21 10.4 359.0
31-3 21 17.4 359.0
31-3 21 11.3 359.0
31-3 21 12.2 359.0
31-3 21 16.5 359.0
31-3 21 13.0 359.0
31-3 21 15.6 359.0
31-3 21 7.0 359.0
31-3 21 16.5 359.0
31-3 21 4.3 359.0
31-3 21 8.7 359.0
31-3 21 10.4 230.0
31-3 21 7.0 359.0
31-3 21 7.0 359.0
31-3 21 7.0 359.0
31-3 21 7.0 359.0
31-3 21 8.7 359.0
31-3 21 16.5 359.0
31-3 21 6.1 359.0
31-3 21 13.9 359.0
31-3 21 9.6 359.0
31-3 21 14.8 359.0
31-3 21 5.2 359.0
31-3 22 6.1 359.0
31-3 22 11.3 240.0
31-3 22 11.3 359.0
31-3 22 9.6 359.0
31-3 22 16.5 359.0
31-3 22 9.6 359.0
31-3 22 9.6 359.0
31-3 22 11.3 359.0
31-3 22 23.5 359.0
31-3 22 20.0 359.0
31-3 22 6.1 359.0
31-3 22 9.6 359.0
31-3 22 13.9 359.0
31-3 22 5.2 359.0
31-3 22 7.0 359.0
31-3 22 10.4 359.0
31-3 22 21.7 359.0
31-3 22 19.1 359.0
31-3 22 6.1 359.0
31-3 22 9.6 359.0
31-3 22 14.8 359.0
31-3 22 7.8 359.0
31-3 22 8.7 359.0
31-3 22 7.0 359.0
31-3 22 8.7 359.0
31-3 22 9.6 359.0
31-3 22 6.1 359.0
31-3 22 11.3 359.0
31-3 22 10.4 359.0
31-3 22 10.4 236.0
31-3 23 4.3 359.0
31-3 23 4.3 359.0
31-3 23 11.3 359.0
31-3 23 9.6 246.0
31-3 23 7.0 359.0
31-3 23 2.6 359.0
31-3 23 3.5 268.0
31-3 23 2.6 359.0
31-3 23 5.2 359.0
31-3 23 7.0 264.0
31-3 23 1.7 237.0
31-3 23 7.8 359.0
31-3 23 6.1 359.0
31-3 23 4.3 275.0
31-3 23 2.6 359.0
31-3 23 11.3 359.0
31-3 23 10.4 359.0
31-3 23 7.0 359.0
31-3 23 5.2 359.0
31-3 23 27.8 359.0
31-3 23 0.9 359.0
31-3 23 13.9 359.0
31-3 23 7.8 359.0
31-3 23 2.6 359.0
31-3 23 6.1 267.0
31-3 23 3.5 359.0
31-3 23 21.7 359.0
31-3 23 10.4 359.0
31-3 23 9.6 359.0
31-3 23 12.2 264.0
