30-4 5 2.6 16.0
30-4 5 1.7 15.0
30-4 5 0.9 16.0
30-4 5 5.2 359.0
30-4 5 4.3 359.0
30-4 5 0.9 180.0
30-4 5 1.7 359.0
30-4 5 2.6 359.0
30-4 5 7.0 359.0
30-4 5 7.0 152.0
30-4 5 4.3 359.0
30-4 5 2.6 359.0
30-4 5 10.4 155.0
30-4 5 2.6 134.0
30-4 5 4.3 162.0
30-4 5 6.1 172.0
30-4 5 6.1 195.0
30-4 5 5.2 359.0
30-4 5 6.1 216.0
30-4 5 6.1 138.0
30-4 5 8.7 151.0
30-4 5 6.1 147.0
30-4 5 7.0 160.0
30-4 5 10.4 359.0
30-4 5 9.6 135.0
30-4 5 6.1 359.0
30-4 5 8.7 164.0
30-4 5 7.8 188.0
30-4 5 12.2 359.0
30-4 5 4.3 172.0
30-4 6 2.6 184.0
30-4 6 7.8 176.0
30-4 6 16.5 184.0
30-4 6 9.6 359.0
30-4 6 8.7 154.0
30-4 6 7.8 163.0
30-4 6 7.8 359.0
30-4 6 7.8 143.0
30-4 6 8.7 182.0
30-4 6 4.3 173.0
30-4 6 5.2 156.0
30-4 6 7.8 174.0
30-4 6 6.1 184.0
30-4 6 7.0 186.0
30-4 6 4.3 148.0
30-4 6 7.0 183.0
30-4 6 3.5 151.0
30-4 6 7.8 359.0
30-4 6 3.5 359.0
30-4 6 7.0 359.0
30-4 6 7.0 144.0
30-4 6 2.6 100.0
30-4 6 8.7 158.0
30-4 6 2.6 359.0
30-4 6 12.2 142.0
30-4 6 4.3 359.0
30-4 6 6.1 173.0
30-4 6 5.2 359.0
30-4 6 2.6 169.0
30-4 6 5.2 156.0
30-4 7 6.1 160.0
30-4 7 5.2 177.0
30-4 7 4.3 159.0
30-4 7 11.3 150.0
30-4 7 5.2 359.0
30-4 7 6.1 135.0
30-4 7 7.0 165.0
30-4 7 1.7 151.0
30-4 7 7.0 177.0
30-4 7 6.1 139.0
30-4 7 5.2 135.0
30-4 7 6.1 125.0
30-4 7 7.8 135.0
30-4 7 9.6 144.0
30-4 7 9.6 154.0
30-4 7 5.2 168.0
30-4 7 3.5 152.0
30-4 7 4.3 95.0
30-4 7 8.7 102.0
30-4 7 8.7 359.0
30-4 7 4.3 134.0
30-4 7 5.2 359.0
30-4 7 8.7 359.0
30-4 7 5.2 192.0
30-4 7 8.7 156.0
30-4 7 7.8 103.0
30-4 7 9.6 144.0
30-4 7 11.3 359.0
30-4 7 6.1 123.0
30-4 7 2.6 359.0
30-4 8 3.5 154.0
30-4 8 5.2 359.0
30-4 8 7.8 135.0
30-4 8 7.0 157.0
30-4 8 4.3 88.0
30-4 8 6.1 359.0
30-4 8 3.5 160.0
30-4 8 5.2 359.0
30-4 8 9.6 359.0
30-4 8 7.8 128.0
30-4 8 7.0 130.0
30-4 8 6.1 141.0
30-4 8 6.1 120.0
30-4 8 11.3 187.0
30-4 8 4.3 359.0
30-4 8 5.2 134.0
30-4 8 6.1 94.0
30-4 8 5.2 156.0
30-4 8 11.3 115.0
30-4 8 6.1 129.0
30-4 8 7.8 162.0
30-4 8 8.7 96.0
30-4 8 4.3 153.0
30-4 8 3.5 147.0
30-4 8 3.5 133.0
30-4 8 9.6 96.0
30-4 8 11.3 91.0
30-4 8 7.8 154.0
30-4 8 6.1 165.0
30-4 8 2.6 158.0
30-4 9 1.7 125.0
30-4 9 3.5 140.0
30-4 9 6.1 171.0
30-4 9 7.0 173.0
30-4 9 13.0 139.0
30-4 9 3.5 150.0
30-4 9 7.0 170.0
30-4 9 9.6 126.0
30-4 9 5.2 190.0
30-4 9 9.6 136.0
30-4 9 8.7 124.0
30-4 9 11.3 133.0
30-4 9 5.2 147.0
30-4 9 12.2 122.0
30-4 9 7.0 140.0
30-4 9 7.0 166.0
30-4 9 7.0 173.0
30-4 9 3.5 169.0
30-4 9 6.1 191.0
30-4 9 4.3 125.0
30-4 9 4.3 171.0
30-4 9 14.8 116.0
30-4 9 7.0 131.0
30-4 9 2.6 157.0
30-4 9 7.8 143.0
30-4 9 2.6 175.0
30-4 9 6.1 155.0
30-4 9 9.6 155.0
30-4 9 8.7 153.0
30-4 9 11.3 163.0
30-4 10 5.2 166.0
30-4 10 4.3 168.0
30-4 10 9.6 128.0
30-4 10 8.7 129.0
30-4 10 5.2 158.0
30-4 10 3.5 107.0
30-4 10 10.4 133.0
30-4 10 5.2 161.0
30-4 10 3.5 187.0
30-4 10 6.1 114.0
30-4 10 8.7 181.0
30-4 10 9.6 106.0
30-4 10 5.2 157.0
30-4 10 13.9 172.0
30-4 10 5.2 135.0
30-4 10 13.0 149.0
30-4 10 9.6 176.0
30-4 10 11.3 134.0
30-4 10 6.1 85.0
30-4 10 4.3 133.0
30-4 10 4.3 102.0
30-4 10 11.3 163.0
30-4 10 9.6 108.0
30-4 10 8.7 183.0
30-4 10 6.1 155.0
30-4 10 7.0 110.0
30-4 10 7.8 152.0
30-4 10 3.5 152.0
30-4 10 9.6 109.0
30-4 10 4.3 185.0
30-4 11 9.6 150.0
30-4 11 11.3 141.0
30-4 11 13.0 116.0
30-4 11 16.5 106.0
30-4 11 12.2 135.0
30-4 11 8.7 149.0
30-4 11 14.8 184.0
30-4 11 12.2 158.0
30-4 11 6.1 176.0
30-4 11 3.5 172.0
30-4 11 6.1 164.0
30-4 11 11.3 138.0
30-4 11 10.4 137.0
30-4 11 9.6 102.0
30-4 11 7.0 129.0
30-4 11 10.4 135.0
30-4 11 20.0 110.0
30-4 11 4.3 127.0
30-4 11 4.3 155.0
30-4 11 12.2 149.0
30-4 11 4.3 210.0
30-4 11 8.7 158.0
30-4 11 11.3 138.0
30-4 11 3.5 122.0
30-4 11 4.3 103.0
30-4 11 6.1 174.0
30-4 11 5.2 135.0
30-4 11 12.2 139.0
30-4 11 7.0 89.0
30-4 11 8.7 140.0
30-4 12 7.0 107.0
30-4 12 8.7 119.0
30-4 12 7.8 98.0
30-4 12 14.8 123.0
30-4 12 6.1 156.0
30-4 12 13.0 122.0
30-4 12 5.2 131.0
30-4 12 4.3 57.0
30-4 12 9.6 133.0
30-4 12 15.6 135.0
30-4 12 18.2 110.0
30-4 12 16.5 154.0
30-4 12 11.3 143.0
30-4 12 7.0 145.0
30-4 12 12.2 158.0
30-4 12 5.2 156.0
30-4 12 6.1 192.0
30-4 12 9.6 128.0
30-4 12 19.1 108.0
30-4 12 9.6 155.0
30-4 12 9.6 147.0
30-4 12 6.1 179.0
30-4 12 7.0 81.0
30-4 12 8.7 151.0
30-4 12 11.3 126.0
30-4 12 11.3 137.0
30-4 12 16.5 90.0
30-4 12 10.4 110.0
30-4 12 8.7 143.0
30-4 12 10.4 186.0
30-4 13 18.2 104.0
30-4 13 14.8 114.0
30-4 13 7.8 167.0
30-4 13 9.6 117.0
30-4 13 7.8 152.0
30-4 13 10.4 121.0
30-4 13 8.7 158.0
30-4 13 9.6 152.0
30-4 13 12.2 178.0
30-4 13 14.8 107.0
30-4 13 12.2 110.0
30-4 13 12.2 120.0
30-4 13 13.0 172.0
30-4 13 6.1 169.0
30-4 13 13.9 125.0
30-4 13 6.1 157.0
30-4 13 5.2 164.0
30-4 13 7.0 130.0
30-4 13 14.8 129.0
30-4 13 12.2 89.0
30-4 13 8.7 156.0
30-4 13 13.0 140.0
30-4 13 7.0 111.0
30-4 13 7.0 123.0
30-4 13 10.4 149.0
30-4 13 7.0 74.0
30-4 13 7.0 142.0
30-4 13 6.1 123.0
30-4 13 1.7 160.0
30-4 13 7.8 162.0
30-4 14 11.3 149.0
30-4 14 6.1 135.0
30-4 14 5.2 156.0
30-4 14 8.7 120.0
30-4 14 7.0 137.0
30-4 14 4.3 147.0
30-4 14 3.5 151.0
30-4 14 2.6 165.0
30-4 14 5.2 164.0
30-4 14 4.3 157.0
30-4 14 4.3 157.0
30-4 14 5.2 129.0
30-4 14 7.0 187.0
30-4 14 2.6 186.0
30-4 14 4.3 154.0
30-4 14 15.6 142.0
30-4 14 5.2 160.0
30-4 14 7.8 174.0
30-4 14 5.2 166.0
30-4 14 7.8 183.0
30-4 14 7.0 146.0
30-4 14 7.0 143.0
30-4 14 10.4 163.0
30-4 14 13.9 168.0
30-4 14 5.2 189.0
30-4 14 3.5 152.0
30-4 14 6.1 161.0
30-4 14 7.8 155.0
30-4 14 6.1 179.0
30-4 14 10.4 167.0
30-4 15 7.8 172.0
30-4 15 13.0 183.0
30-4 15 12.2 170.0
30-4 15 13.0 105.0
30-4 15 9.6 164.0
30-4 15 7.0 170.0
30-4 15 7.8 147.0
30-4 15 2.6 207.0
30-4 15 10.4 141.0
30-4 15 10.4 166.0
30-4 15 7.8 160.0
30-4 15 7.0 166.0
30-4 15 7.8 130.0
30-4 15 9.6 170.0
30-4 15 11.3 129.0
30-4 15 3.5 173.0
30-4 15 5.2 145.0
30-4 15 7.0 156.0
30-4 15 1.7 136.0
30-4 15 10.4 158.0
30-4 15 7.8 138.0
30-4 15 2.6 155.0
30-4 15 10.4 159.0
30-4 15 7.0 128.0
30-4 15 6.1 165.0
30-4 15 11.3 137.0
30-4 15 13.9 175.0
30-4 15 4.3 156.0
30-4 15 13.9 154.0
30-4 15 11.3 116.0
30-4 16 4.3 154.0
30-4 16 6.1 134.0
30-4 16 7.0 125.0
30-4 16 2.6 182.0
30-4 16 6.1 126.0
30-4 16 7.0 116.0
30-4 16 11.3 104.0
30-4 16 8.7 94.0
30-4 16 2.6 118.0
30-4 16 3.5 183.0
30-4 16 2.6 149.0
30-4 16 2.6 154.0
30-4 16 3.5 133.0
30-4 16 6.1 157.0
30-4 16 8.7 148.0
30-4 16 3.5 160.0
30-4 16 0.0 108.0
30-4 16 6.1 179.0
30-4 16 8.7 171.0
30-4 16 3.5 143.0
30-4 16 1.7 158.0
30-4 16 6.1 118.0
30-4 16 3.5 183.0
30-4 16 4.3 120.0
30-4 16 6.1 178.0
30-4 16 8.7 130.0
30-4 16 4.3 185.0
30-4 16 7.8 197.0
30-4 16 6.1 110.0
30-4 16 5.2 179.0
30-4 17 4.3 154.0
30-4 17 3.5 188.0
30-4 17 2.6 183.0
30-4 17 2.6 177.0
30-4 17 6.1 187.0
30-4 17 4.3 185.0
30-4 17 4.3 192.0
30-4 17 1.7 150.0
30-4 17 7.8 170.0
30-4 17 5.2 204.0
30-4 17 5.2 189.0
30-4 17 4.3 200.0
30-4 17 4.3 185.0
30-4 17 4.3 179.0
30-4 17 1.7 172.0
30-4 17 1.7 166.0
30-4 17 1.7 170.0
30-4 17 2.6 148.0
30-4 17 7.8 137.0
30-4 17 7.0 122.0
30-4 17 1.7 122.0
30-4 17 4.3 112.0
30-4 17 2.6 104.0
30-4 17 3.5 106.0
30-4 17 3.5 127.0
30-4 17 0.9 112.0
30-4 17 3.5 170.0
30-4 17 0.0 179.0
30-4 17 7.8 318.0
30-4 17 8.7 314.0
30-4 18 8.7 329.0
30-4 18 13.0 298.0
30-4 18 13.0 277.0
30-4 18 14.8 259.0
30-4 18 11.3 287.0
30-4 18 8.7 274.0
30-4 18 6.1 330.0
30-4 18 7.0 10.0
30-4 18 4.3 12.0
30-4 18 5.2 359.0
30-4 18 5.2 340.0
30-4 18 3.5 331.0
30-4 18 3.5 359.0
30-4 18 3.5 359.0
30-4 18 3.5 359.0
30-4 18 0.9 328.0
30-4 18 0.9 359.0
30-4 18 1.7 328.0
30-4 18 2.6 359.0
30-4 18 1.7 359.0
30-4 18 0.0 359.0
30-4 18 0.9 359.0
30-4 18 1.7 359.0
30-4 18 0.9 359.0
30-4 18 0.0 359.0
30-4 18 0.0 329.0
30-4 18 1.7 359.0
30-4 18 1.7 332.0
30-4 18 1.7 359.0
30-4 18 0.0 331.0
30-4 19 0.0 359.0
30-4 19 0.0 331.0
30-4 19 0.9 359.0
30-4 19 1.7 359.0
30-4 19 1.7 330.0
30-4 19 1.7 359.0
30-4 19 0.9 359.0
30-4 19 0.0 359.0
30-4 19 0.0 330.0
30-4 19 0.0 331.0
30-4 19 0.9 330.0
30-4 19 0.9 330.0
30-4 19 0.9 359.0
30-4 19 0.0 359.0
30-4 19 0.9 359.0
30-4 19 0.9 330.0
30-4 19 0.9 359.0
30-4 19 1.7 359.0
30-4 19 2.6 359.0
30-4 19 2.6 359.0
30-4 19 0.9 359.0
30-4 19 1.7 359.0
30-4 19 0.0 330.0
30-4 19 0.0 330.0
30-4 19 0.0 330.0
30-4 19 0.9 330.0
30-4 19 1.7 330.0
30-4 19 1.7 359.0
30-4 19 2.6 359.0
30-4 19 1.7 354.0
30-4 20 3.5 359.0
30-4 20 3.5 327.0
30-4 20 0.9 326.0
30-4 20 1.7 359.0
30-4 20 0.9 325.0
30-4 20 0.9 359.0
30-4 20 0.9 359.0
30-4 20 1.7 359.0
30-4 20 0.0 326.0
30-4 20 0.9 324.0
30-4 20 0.0 325.0
30-4 20 0.0 359.0
30-4 20 0.0 330.0
30-4 20 1.7 359.0
30-4 20 2.6 359.0
30-4 20 1.7 324.0
30-4 20 1.7 359.0
30-4 20 0.9 327.0
30-4 20 0.9 324.0
30-4 20 0.9 359.0
30-4 20 0.0 359.0
30-4 20 0.0 330.0
30-4 20 0.0 323.0
30-4 20 0.0 329.0
30-4 20 0.0 359.0
30-4 20 0.9 359.0
30-4 20 0.0 359.0
30-4 20 0.9 324.0
30-4 20 0.0 359.0
30-4 20 0.0 359.0
30-4 21 0.0 359.0
30-4 21 0.0 359.0
30-4 21 0.0 324.0
30-4 21 0.0 359.0
30-4 21 0.0 359.0
30-4 21 0.9 359.0
30-4 21 0.0 359.0
30-4 21 0.0 324.0
30-4 21 0.0 359.0
30-4 21 0.0 324.0
30-4 21 0.0 359.0
30-4 21 0.0 324.0
30-4 21 0.0 359.0
30-4 21 0.0 324.0
30-4 21 0.0 324.0
30-4 21 0.0 359.0
30-4 21 0.0 324.0
30-4 21 0.0 359.0
30-4 21 0.9 359.0
30-4 21 0.9 359.0
30-4 21 0.0 324.0
30-4 21 0.9 324.0
30-4 21 0.9 359.0
30-4 21 0.0 325.0
30-4 21 0.9 327.0
30-4 21 0.9 324.0
30-4 21 0.0 359.0
30-4 21 0.0 324.0
30-4 21 0.0 330.0
30-4 21 0.0 359.0
30-4 22 0.0 359.0
30-4 22 0.0 330.0
30-4 22 0.0 324.0
30-4 22 0.0 325.0
30-4 22 1.7 324.0
30-4 22 0.0 324.0
30-4 22 0.9 324.0
30-4 22 0.9 324.0
30-4 22 0.0 359.0
30-4 22 0.0 324.0
30-4 22 0.0 324.0
30-4 22 0.9 330.0
30-4 22 0.9 329.0
30-4 22 0.0 326.0
30-4 22 0.0 359.0
30-4 22 0.0 359.0
30-4 22 0.0 324.0
30-4 22 0.0 330.0
30-4 22 0.0 330.0
30-4 22 0.0 324.0
30-4 22 0.0 359.0
30-4 22 0.0 324.0
30-4 22 0.0 324.0
30-4 22 0.0 324.0
30-4 22 0.0 359.0
30-4 22 0.0 359.0
30-4 22 0.0 324.0
30-4 22 0.0 324.0
30-4 22 0.0 323.0
30-4 22 0.0 324.0
30-4 23 0.0 359.0
30-4 23 0.0 328.0
30-4 23 0.0 324.0
30-4 23 0.0 330.0
30-4 23 0.0 359.0
30-4 23 0.0 359.0
30-4 23 0.0 359.0
30-4 23 0.9 330.0
30-4 23 0.0 359.0
30-4 23 0.0 359.0
30-4 23 0.0 330.0
30-4 23 0.0 359.0
30-4 23 0.0 324.0
30-4 23 0.0 325.0
30-4 23 0.0 330.0
30-4 23 0.0 359.0
30-4 23 0.9 323.0
30-4 23 1.7 324.0
30-4 23 2.6 12.0
30-4 23 0.9 12.0
30-4 23 1.7 12.0
30-4 23 1.7 12.0
30-4 23 1.7 13.0
30-4 23 1.7 25.0
30-4 23 2.6 27.0
30-4 23 3.5 28.0
30-4 23 3.5 26.0
30-4 23 3.5 27.0
30-4 23 0.0 26.0
30-4 23 3.5 26.0